0 0.733108 0.788107 0.163826 0.362605
0 0.494227 0.785108 0.174277 0.337409
0 0.923659 0.784927 0.149791 0.304504
0 0.174438 0.803279 0.255122 0.391925
3 0.346032 0.808566 0.134131 0.221180
3 0.622995 0.834723 0.089899 0.160090
0 0.349666 0.758749 0.138766 0.248579
3 0.153564 0.906401 0.193858 0.186256
0 0.615287 0.723491 0.102743 0.216631
0 0.030722 0.756219 0.061443 0.218408
3 0.777918 0.878201 0.147360 0.241311
0 0.115580 0.694390 0.083809 0.161807
3 0.924425 0.825929 0.148996 0.238413
3 0.494660 0.860081 0.155442 0.227679
9 0.484428 0.076500 0.199672 0.064886
3 0.497523 0.885750 0.102656 0.187677
0 0.978042 0.906718 0.043258 0.186180
3 0.822707 0.715029 0.066613 0.104312
0 0.071866 0.710085 0.034974 0.117427
