2 0.199918 0.706577 0.145856 0.098886
0 0.871959 0.713459 0.071548 0.137787
2 0.931135 0.770343 0.137037 0.270849
2 0.811218 0.701760 0.171954 0.133044
2 0.409745 0.678974 0.042036 0.034136
5 0.546068 0.676740 0.046480 0.045895
2 0.472230 0.669235 0.031713 0.017085
7 0.545811 0.676120 0.047674 0.045655
0 0.407936 0.749113 0.013521 0.024412
3 0.011893 0.717671 0.023700 0.070129
2 0.984039 0.794118 0.031465 0.222843
0 0.079280 0.692293 0.012516 0.036956
2 0.707846 0.688964 0.031200 0.033786
2 0.924757 0.679366 0.046447 0.059584
