2 0.327864 0.730260 0.141694 0.105167
2 0.645385 0.710968 0.074411 0.049124
2 0.495319 0.704742 0.071887 0.055091
2 0.190274 0.699715 0.040216 0.043587
2 0.224875 0.694005 0.045726 0.039443
2 0.138351 0.706320 0.067801 0.056189
0 0.876238 0.703706 0.019502 0.050273
2 0.026638 0.700198 0.053276 0.078382
0 0.953804 0.703775 0.025909 0.067216
2 0.587168 0.707213 0.043567 0.021261
2 0.254510 0.689552 0.041154 0.036776
0 0.903195 0.698363 0.021353 0.050846
0 0.812404 0.703433 0.019487 0.054416
2 0.123978 0.708042 0.071991 0.058706
9 0.352271 0.455096 0.079861 0.024078
0 0.808180 0.702183 0.015215 0.052930
2 0.552806 0.692717 0.024056 0.031362
5 0.053659 0.678586 0.106179 0.117619
0 0.926323 0.701548 0.018404 0.051468
