0 0.735703 0.786783 0.175360 0.363335
0 0.497117 0.781469 0.171551 0.329030
0 0.925345 0.784718 0.146208 0.301218
0 0.353004 0.759713 0.119457 0.256401
3 0.777425 0.892108 0.146847 0.214594
3 0.620882 0.831345 0.088636 0.157682
9 0.484559 0.075981 0.198752 0.064150
3 0.353233 0.809462 0.120111 0.202030
0 0.816144 0.690437 0.042636 0.114277
0 0.621309 0.740716 0.116426 0.257477
3 0.929423 0.827075 0.139512 0.237916
3 0.498585 0.854944 0.160151 0.236761
0 0.462333 0.683191 0.084394 0.144602
3 0.944181 0.843125 0.110339 0.216209
74 0.284176 0.089272 0.118327 0.118801
0 0.974180 0.926784 0.051047 0.145953
9 0.499105 0.568839 0.026927 0.013959
2 0.085435 0.692124 0.052331 0.029073
