0 0.956035 0.732992 0.086852 0.193576
7 0.445315 0.662020 0.081292 0.111797
0 0.828378 0.726987 0.105440 0.210563
2 0.335031 0.703380 0.072535 0.058529
2 0.361272 0.680302 0.059455 0.051431
7 0.531219 0.650888 0.082755 0.114971
3 0.845572 0.792921 0.123765 0.210153
3 0.965877 0.793743 0.067352 0.124573
3 0.609478 0.715736 0.035257 0.046252
2 0.158339 0.734583 0.315887 0.304310
0 0.608414 0.693533 0.039155 0.071895
0 0.699513 0.700566 0.067266 0.099167
2 0.394865 0.682203 0.027452 0.034489
3 0.657694 0.715135 0.021647 0.040840
3 0.702401 0.741713 0.049618 0.074188
3 0.565809 0.694132 0.031491 0.058162
3 0.565091 0.704732 0.027536 0.037843
