2 0.423709 0.797182 0.341175 0.279051
2 0.040166 0.707204 0.080081 0.113047
2 0.935319 0.676638 0.057444 0.081665
2 0.043018 0.649836 0.086036 0.074784
2 0.311108 0.659392 0.073530 0.065782
2 0.708326 0.633008 0.033192 0.017414
2 0.270774 0.618103 0.036140 0.020274
2 0.107344 0.620926 0.069633 0.022834
2 0.422472 0.632710 0.102193 0.063354
2 0.335810 0.635378 0.046412 0.041064
2 0.189600 0.617983 0.056084 0.022862
2 0.638903 0.618224 0.061078 0.046209
2 0.681368 0.630305 0.022321 0.020902
2 0.367301 0.620114 0.027720 0.024447
2 0.767921 0.632597 0.025815 0.020884
