2 0.052852 0.849712 0.105353 0.299404
2 0.111266 0.728312 0.173715 0.122936
2 0.308452 0.707356 0.133432 0.117548
2 0.404476 0.683987 0.074471 0.058275
2 0.206831 0.701579 0.074995 0.070727
2 0.527455 0.684691 0.083163 0.055638
2 0.633290 0.690400 0.078834 0.068160
0 0.684558 0.715668 0.052359 0.156855
0 0.738592 0.712941 0.040231 0.166121
0 0.864069 0.706749 0.038626 0.144206
9 0.756853 0.383528 0.054855 0.141340
0 0.969563 0.692419 0.048769 0.134059
0 0.907930 0.687270 0.036555 0.134886
0 0.931375 0.697978 0.044257 0.131728
2 0.575507 0.673010 0.043849 0.042273
26 0.667608 0.718844 0.041569 0.046938
9 0.756279 0.362353 0.061231 0.188727
0 0.766996 0.725454 0.037748 0.182091
