2 0.411505 0.762633 0.275963 0.208772
2 0.855084 0.799852 0.289409 0.241628
2 0.533224 0.689579 0.118868 0.057133
2 0.126615 0.735519 0.252953 0.285897
2 0.271286 0.719770 0.086912 0.124406
0 0.667118 0.723546 0.032450 0.118670
25 0.686620 0.654516 0.056275 0.031489
0 0.778340 0.682912 0.022975 0.047799
0 0.692237 0.722022 0.033757 0.110667
0 0.775577 0.691458 0.027690 0.061237
0 0.741592 0.701932 0.024899 0.080790
0 0.683028 0.722724 0.052270 0.116745
0 0.803889 0.678316 0.025296 0.023061
0 0.327984 0.677591 0.019581 0.037524
