0 0.785713 0.765565 0.158184 0.274646
2 0.684314 0.680529 0.058004 0.037146
3 0.816824 0.811015 0.131747 0.237818
2 0.634863 0.676645 0.041373 0.027514
9 0.305067 0.101277 0.150369 0.061704
9 0.444719 0.478410 0.055544 0.018461
3 0.973837 0.787686 0.052052 0.226329
2 0.716972 0.672760 0.033484 0.034529
2 0.557806 0.670910 0.021868 0.018576
2 0.713391 0.674932 0.042442 0.039599
5 0.167632 0.679253 0.155088 0.114627
2 0.606157 0.672788 0.030481 0.026175
2 0.056981 0.674897 0.057040 0.016286
9 0.286714 0.105987 0.199080 0.065741
3 0.973954 0.827707 0.051517 0.147643
2 0.526972 0.671502 0.023953 0.019853
2 0.741693 0.684518 0.040065 0.066600
