2 0.598163 0.785314 0.303633 0.246017
2 0.283763 0.689395 0.152749 0.074009
2 0.930151 0.699609 0.139697 0.062652
0 0.819359 0.736091 0.103436 0.170362
9 0.666903 0.364833 0.082895 0.038099
3 0.830563 0.786757 0.090078 0.097439
0 0.776135 0.733351 0.051317 0.131274
0 0.125731 0.731458 0.055798 0.133394
2 0.034736 0.688103 0.068228 0.037800
3 0.985948 0.877456 0.027065 0.109895
9 0.655770 0.364936 0.060664 0.036204
0 0.445484 0.710044 0.060464 0.095802
5 0.251558 0.632249 0.211696 0.051634
2 0.719678 0.698672 0.083940 0.061290
2 0.126869 0.726599 0.164015 0.103569
3 0.436394 0.765441 0.043494 0.083752
3 0.014686 0.788850 0.029371 0.071801
0 0.444801 0.731757 0.061405 0.138654
3 0.837859 0.788074 0.062281 0.095554
