2 0.263852 0.694113 0.089876 0.064363
2 0.790553 0.696732 0.117552 0.099080
9 0.733917 0.152966 0.163235 0.070846
2 0.716582 0.690893 0.069799 0.060663
2 0.667683 0.688521 0.041793 0.041293
2 0.372063 0.679617 0.038374 0.024104
2 0.298201 0.676496 0.064020 0.058646
2 0.634926 0.684216 0.035106 0.032397
0 0.051731 0.711007 0.024271 0.077645
2 0.291949 0.682049 0.052518 0.066162
2 0.510020 0.667877 0.021017 0.016861
2 0.686405 0.692116 0.021775 0.047815
2 0.663781 0.691954 0.036546 0.035318
3 0.136891 0.713437 0.056799 0.054052
2 0.319342 0.675661 0.033836 0.055106
