2 0.528213 0.765242 0.226853 0.185976
0 0.677978 0.711315 0.052385 0.109969
3 0.177096 0.758135 0.055674 0.101564
3 0.684002 0.746310 0.054764 0.064963
3 0.023344 0.759225 0.046687 0.112012
0 0.180882 0.723210 0.064846 0.116893
0 0.640848 0.679503 0.028520 0.037763
0 0.111733 0.675329 0.023773 0.063321
0 0.333175 0.680214 0.034177 0.059010
3 0.680762 0.733842 0.057501 0.087128
0 0.384216 0.694424 0.045693 0.080124
0 0.386052 0.683414 0.042935 0.059897
3 0.383674 0.724973 0.033680 0.055368
0 0.023866 0.740824 0.047460 0.120317
0 0.334391 0.688221 0.038498 0.075195
3 0.368964 0.720393 0.064226 0.057290
0 0.389720 0.678015 0.035618 0.050172
