0 0.735574 0.785715 0.167582 0.361984
0 0.496428 0.781242 0.174229 0.337950
0 0.924273 0.784135 0.149084 0.300303
3 0.070263 0.882508 0.140525 0.222246
3 0.778684 0.890578 0.147208 0.217119
3 0.159141 0.725307 0.117188 0.084071
2 0.276315 0.690237 0.113005 0.060612
3 0.622053 0.831536 0.090709 0.161775
0 0.351763 0.755433 0.126844 0.245328
3 0.349114 0.806070 0.124529 0.222263
0 0.615258 0.739791 0.105438 0.255477
3 0.498037 0.840091 0.168086 0.255512
26 0.529700 0.737925 0.079413 0.144071
3 0.927271 0.826841 0.143655 0.232109
0 0.062102 0.716317 0.124205 0.202706
9 0.485538 0.075594 0.198928 0.064825
0 0.062175 0.773391 0.124161 0.313263
3 0.943254 0.846729 0.112066 0.203903
74 0.284629 0.088391 0.117345 0.116955
3 0.965598 0.850791 0.068184 0.274075
0 0.159290 0.696780 0.044962 0.095429
