2 0.052870 0.707151 0.105740 0.095931
2 0.230673 0.705402 0.098196 0.081772
3 0.948676 0.774038 0.098685 0.179053
3 0.933683 0.764200 0.123902 0.184992
3 0.873219 0.749005 0.099580 0.175276
3 0.983593 0.810203 0.031983 0.129217
3 0.815626 0.751514 0.093817 0.151703
3 0.983142 0.782286 0.033250 0.179540
2 0.008734 0.736148 0.017283 0.093316
3 0.912632 0.762547 0.114886 0.169133
3 0.834543 0.740408 0.132710 0.176648
3 0.901938 0.775912 0.089316 0.138618
2 0.146400 0.702404 0.045110 0.055925
3 0.146080 0.704999 0.042313 0.051559
