0 0.830199 0.734407 0.099767 0.195859
2 0.247121 0.702111 0.108149 0.081969
3 0.966563 0.806705 0.066123 0.137077
2 0.305765 0.691735 0.068818 0.074507
2 0.654964 0.691974 0.068930 0.052205
2 0.346056 0.688129 0.033905 0.054912
3 0.849334 0.784976 0.138884 0.113801
2 0.409590 0.670938 0.056294 0.054712
2 0.545574 0.670951 0.033785 0.031111
2 0.705724 0.696739 0.056567 0.076809
3 0.018932 0.774297 0.037726 0.085765
2 0.468869 0.671268 0.032818 0.027733
3 0.069370 0.745773 0.087255 0.098519
2 0.374543 0.682242 0.050781 0.052929
3 0.168685 0.727769 0.071801 0.075534
2 0.628456 0.676956 0.052069 0.035676
2 0.355929 0.686949 0.052950 0.054075
2 0.461847 0.670955 0.044046 0.027889
3 0.120705 0.733065 0.075508 0.101350
3 0.022531 0.759510 0.045057 0.113481
2 0.578073 0.674418 0.030270 0.018492
2 0.451015 0.681728 0.026721 0.045147
2 0.366973 0.684429 0.040974 0.051004
2 0.457024 0.680666 0.038967 0.046810
2 0.473713 0.673050 0.025508 0.023069
2 0.458678 0.674613 0.042525 0.036543
