2 0.888017 0.766407 0.223193 0.191359
2 0.349812 0.729844 0.107022 0.081044
2 0.109933 0.746141 0.132575 0.106731
2 0.029849 0.757988 0.059651 0.134139
2 0.188421 0.728442 0.105345 0.092450
0 0.733758 0.757431 0.094251 0.173223
3 0.751397 0.834248 0.099505 0.131772
2 0.718033 0.719319 0.132869 0.112359
7 0.540573 0.723282 0.137517 0.173135
2 0.424761 0.698780 0.051460 0.039392
2 0.627868 0.715325 0.046046 0.071926
2 0.288743 0.717815 0.032715 0.054994
2 0.248875 0.714588 0.060832 0.077653
9 0.572532 0.586403 0.022247 0.037036
2 0.642199 0.718033 0.045317 0.081203
