2 0.790647 0.752244 0.172964 0.192303
2 0.513755 0.740627 0.188288 0.162363
2 0.326378 0.726689 0.077526 0.100797
2 0.367293 0.709664 0.079449 0.076762
7 0.933295 0.749296 0.132767 0.427221
2 0.639351 0.694189 0.066907 0.076848
5 0.249643 0.605724 0.190530 0.128194
2 0.106469 0.732911 0.212815 0.225088
2 0.156520 0.728756 0.312159 0.218450
2 0.410985 0.705097 0.045099 0.053983
2 0.734696 0.708393 0.163410 0.147291
2 0.647770 0.712084 0.041557 0.078845
2 0.011350 0.838901 0.022642 0.177170
2 0.217894 0.726900 0.191790 0.211769
7 0.737240 0.709012 0.166217 0.146681
0 0.134377 0.670387 0.048587 0.035858
