0 0.734478 0.786981 0.173663 0.364185
0 0.922674 0.788375 0.151775 0.307392
0 0.502445 0.779523 0.188773 0.327495
0 0.356051 0.762136 0.121929 0.260168
3 0.622871 0.831802 0.088315 0.158495
3 0.777691 0.890998 0.147924 0.215963
0 0.823595 0.696350 0.051871 0.128438
3 0.356056 0.809626 0.120954 0.198165
3 0.939928 0.853827 0.119783 0.229875
24 0.965305 0.759355 0.069391 0.098783
9 0.485362 0.075906 0.197817 0.065283
0 0.616580 0.752892 0.107228 0.283425
3 0.943557 0.883995 0.111860 0.172249
26 0.538815 0.745823 0.073088 0.149255
3 0.510510 0.856986 0.165597 0.229940
3 0.499714 0.882834 0.109436 0.184948
9 0.498305 0.569264 0.026852 0.014632
0 0.117152 0.687332 0.011650 0.041394
