0 0.796013 0.756007 0.107930 0.277627
2 0.914812 0.733178 0.169155 0.204620
2 0.972475 0.805588 0.054553 0.174531
1 0.814614 0.843291 0.063626 0.149978
7 0.409586 0.675746 0.059073 0.078968
0 0.553284 0.696811 0.033110 0.059119
3 0.154285 0.725936 0.081951 0.089280
3 0.025195 0.763195 0.050389 0.103230
3 0.102471 0.752878 0.071108 0.084520
0 0.485703 0.697695 0.024760 0.057617
3 0.592107 0.728438 0.038605 0.054106
3 0.035063 0.760094 0.070034 0.107743
2 0.466635 0.677659 0.029480 0.026734
2 0.510240 0.683971 0.026571 0.024947
3 0.044655 0.752198 0.089309 0.111005
3 0.278430 0.710883 0.070081 0.063008
74 0.785701 0.334200 0.087797 0.085504
3 0.690300 0.722652 0.049831 0.059462
3 0.556074 0.719856 0.035657 0.043043
