0 0.141332 0.752254 0.122232 0.269448
0 0.734747 0.786415 0.168033 0.362457
0 0.493965 0.787460 0.177111 0.338452
0 0.923727 0.785605 0.150321 0.302033
2 0.038517 0.693304 0.076858 0.100055
0 0.345700 0.764127 0.137325 0.255894
3 0.777922 0.877486 0.147378 0.242715
9 0.485377 0.076667 0.198934 0.064442
0 0.618072 0.740472 0.109073 0.253584
3 0.622187 0.834606 0.091470 0.160876
0 0.307701 0.667937 0.035632 0.067545
0 0.473447 0.680441 0.075188 0.141757
3 0.342056 0.808093 0.125692 0.219691
3 0.123379 0.818060 0.144241 0.187922
3 0.498623 0.859628 0.163152 0.227797
3 0.927040 0.825745 0.144041 0.234495
3 0.109609 0.829269 0.116323 0.161481
3 0.943128 0.847665 0.112176 0.204310
3 0.500916 0.883541 0.100275 0.187637
3 0.965963 0.850336 0.067429 0.277564
0 0.878723 0.688092 0.055648 0.099072
3 0.412906 0.724386 0.041779 0.065673
