0 0.496015 0.784770 0.176814 0.332468
0 0.734791 0.785718 0.169086 0.365160
0 0.923080 0.784850 0.151582 0.305679
0 0.166962 0.801521 0.260045 0.395677
0 0.350769 0.760876 0.123652 0.250808
0 0.030549 0.756187 0.061099 0.225390
9 0.484928 0.076120 0.198797 0.064288
3 0.619563 0.833274 0.090103 0.161237
0 0.620293 0.742426 0.110032 0.257010
3 0.776384 0.877595 0.150193 0.242208
3 0.499678 0.859456 0.162768 0.226882
0 0.110647 0.688570 0.088921 0.162655
3 0.144611 0.897063 0.207399 0.205157
3 0.341256 0.807418 0.108162 0.224283
0 0.079967 0.793223 0.130146 0.365114
3 0.924678 0.830105 0.148698 0.225351
9 0.493694 0.570046 0.016383 0.014753
3 0.975471 0.861457 0.048395 0.267687
3 0.499757 0.884037 0.110197 0.186199
3 0.410278 0.721783 0.035704 0.071697
3 0.950169 0.848848 0.099326 0.258761
0 0.977534 0.933699 0.044047 0.132603
