2 0.175084 0.741398 0.224547 0.164039
2 0.050482 0.708522 0.100965 0.098305
3 0.944150 0.772784 0.090838 0.181362
3 0.920744 0.765615 0.122169 0.181698
2 0.009430 0.734928 0.018586 0.094813
3 0.983610 0.808821 0.031919 0.133993
3 0.815630 0.751052 0.093054 0.153863
0 0.315740 0.688192 0.025381 0.084304
3 0.873808 0.745914 0.101422 0.181705
3 0.983005 0.778129 0.033514 0.189244
2 0.026389 0.715745 0.052778 0.106305
2 0.007075 0.740316 0.014130 0.084048
3 0.892489 0.773503 0.070511 0.142511
3 0.829066 0.741872 0.120756 0.175929
0 0.984522 0.668052 0.030244 0.080974
3 0.889368 0.756928 0.114222 0.172757
