2 0.233938 0.706135 0.104373 0.075793
2 0.045243 0.723246 0.090485 0.093381
0 0.775858 0.706597 0.049720 0.093836
3 0.781039 0.733713 0.053960 0.063397
7 0.931829 0.670236 0.097397 0.126363
2 0.305417 0.691632 0.047122 0.035744
2 0.351749 0.687906 0.037442 0.046626
2 0.125888 0.701721 0.073025 0.038633
0 0.607738 0.682345 0.018590 0.034098
2 0.143231 0.699947 0.039208 0.036034
2 0.554327 0.682411 0.044037 0.030236
0 0.577653 0.681356 0.017451 0.035486
2 0.643896 0.681438 0.033933 0.027996
10 0.208043 0.819557 0.023534 0.036674
2 0.109290 0.702338 0.042200 0.035963
2 0.499665 0.675640 0.018798 0.015807
0 0.986613 0.699583 0.026228 0.090706
