2 0.093914 0.699372 0.182182 0.097218
7 0.939939 0.688273 0.118812 0.307741
2 0.277149 0.688141 0.068384 0.056331
2 0.199588 0.693558 0.056587 0.067599
0 0.638386 0.693961 0.028659 0.062502
3 0.639130 0.714277 0.026725 0.045509
2 0.361430 0.674928 0.045068 0.043730
2 0.213997 0.691692 0.075905 0.063155
2 0.155777 0.650820 0.058898 0.025400
3 0.633653 0.708666 0.039022 0.055513
2 0.330638 0.681317 0.048876 0.039933
3 0.614761 0.702644 0.025385 0.034083
3 0.624642 0.702550 0.045568 0.040774
2 0.231037 0.691205 0.041018 0.057601
0 0.613436 0.687999 0.023600 0.062699
