2 0.093270 0.711171 0.162677 0.091688
2 0.221253 0.688341 0.086125 0.057285
2 0.420582 0.681160 0.054093 0.045657
2 0.022203 0.715106 0.044317 0.082585
2 0.960824 0.734616 0.077896 0.146431
2 0.538749 0.670125 0.031871 0.024991
2 0.298829 0.684580 0.036515 0.040577
2 0.683392 0.680956 0.063371 0.054153
2 0.287213 0.684681 0.056893 0.043687
2 0.275545 0.685012 0.047602 0.047804
2 0.346642 0.676100 0.028984 0.034043
2 0.579065 0.673173 0.031341 0.020995
3 0.910848 0.735373 0.068451 0.068765
3 0.861191 0.720867 0.080910 0.067415
2 0.511976 0.661396 0.025326 0.029699
