2 0.238911 0.747392 0.346216 0.178656
3 0.918529 0.777328 0.161927 0.153642
3 0.728940 0.754983 0.138713 0.121121
0 0.932552 0.723222 0.077322 0.176272
0 0.441705 0.703257 0.071801 0.110867
3 0.536772 0.724668 0.065404 0.064942
0 0.724671 0.712880 0.055178 0.135952
3 0.432612 0.767096 0.080729 0.100313
0 0.538702 0.702216 0.052517 0.091805
2 0.683160 0.686398 0.056643 0.072177
0 0.838321 0.700888 0.049733 0.106246
0 0.650740 0.708411 0.039676 0.081760
0 0.808535 0.706163 0.035073 0.079298
3 0.654648 0.721198 0.036780 0.058357
0 0.838667 0.675211 0.044473 0.052248
0 0.872470 0.699538 0.027263 0.054486
0 0.124390 0.692995 0.047307 0.081382
