2 0.597557 0.779007 0.276239 0.221721
0 0.814965 0.730478 0.074926 0.147587
9 0.670066 0.356406 0.084990 0.040290
2 0.719980 0.696049 0.077303 0.051020
2 0.489391 0.681584 0.028590 0.020842
3 0.822891 0.777176 0.078665 0.100847
2 0.467756 0.725525 0.042952 0.067525
2 0.025775 0.687416 0.051549 0.031708
0 0.766560 0.716506 0.040941 0.073266
3 0.809282 0.771182 0.103950 0.113272
9 0.655322 0.356828 0.055933 0.039707
3 0.328398 0.715439 0.031920 0.042763
3 0.102182 0.753797 0.093265 0.081272
0 0.329827 0.710623 0.030497 0.052556
3 0.037058 0.771534 0.074116 0.098422
0 0.767973 0.730314 0.043913 0.107325
3 0.029688 0.780223 0.059152 0.091938
