2 0.425344 0.800577 0.340021 0.287025
2 0.037830 0.715802 0.075354 0.120793
2 0.225848 0.647802 0.074194 0.047372
2 0.301978 0.655085 0.086968 0.079431
2 0.151770 0.632890 0.043834 0.034099
2 0.728532 0.660286 0.064086 0.044863
2 0.047736 0.652400 0.090140 0.068987
2 0.198113 0.633732 0.070447 0.044302
2 0.786421 0.648836 0.050360 0.051221
2 0.707444 0.632484 0.034774 0.020149
2 0.643763 0.619498 0.053971 0.046208
2 0.682947 0.631061 0.023735 0.022038
2 0.095207 0.649832 0.045979 0.062172
2 0.120381 0.620800 0.040376 0.020249
2 0.357613 0.625609 0.033070 0.032007
2 0.190593 0.635780 0.052572 0.039862
2 0.444446 0.633258 0.146103 0.062203
9 0.020498 0.584996 0.013154 0.024610
