2 0.434196 0.672009 0.053461 0.040248
2 0.636124 0.678973 0.029544 0.032133
0 0.843694 0.692172 0.028897 0.076040
2 0.355275 0.679970 0.046024 0.045509
0 0.076618 0.681008 0.019442 0.061582
7 0.513036 0.662590 0.044893 0.048911
3 0.977376 0.766647 0.044782 0.097977
2 0.009471 0.707864 0.018807 0.103904
2 0.292386 0.677098 0.090342 0.060070
2 0.683674 0.683000 0.072534 0.044101
7 0.287761 0.677077 0.102370 0.061559
2 0.511179 0.663351 0.040465 0.047505
3 0.968022 0.762586 0.062924 0.093327
2 0.397120 0.674553 0.023480 0.019219
2 0.677569 0.678484 0.068930 0.045907
