0 0.734266 0.786193 0.165872 0.365581
0 0.923754 0.786314 0.149711 0.307327
0 0.165561 0.803409 0.268343 0.391537
0 0.488324 0.780457 0.173256 0.327561
0 0.031887 0.752497 0.063773 0.224594
0 0.617314 0.740830 0.105062 0.252801
0 0.352930 0.760981 0.125008 0.250472
3 0.345735 0.807495 0.121953 0.221015
0 0.113871 0.694558 0.088328 0.160897
3 0.777684 0.878762 0.150374 0.240789
3 0.622213 0.833671 0.089926 0.161540
3 0.150805 0.900637 0.201723 0.197985
9 0.485267 0.076087 0.199049 0.064107
2 0.255318 0.687811 0.076777 0.068780
0 0.531595 0.684409 0.091730 0.150051
3 0.494553 0.857259 0.173273 0.235659
0 0.531307 0.746235 0.091569 0.272668
3 0.924463 0.826318 0.148797 0.234626
5 0.297119 0.644627 0.064039 0.037732
0 0.079849 0.797846 0.127597 0.345092
3 0.491527 0.887751 0.108950 0.183402
3 0.825410 0.707451 0.060816 0.117036
0 0.817419 0.679522 0.042756 0.059425
