2 0.153913 0.710610 0.111655 0.054000
2 0.945855 0.762199 0.107404 0.207327
2 0.873361 0.740352 0.073667 0.121741
2 0.474123 0.730269 0.112698 0.033220
9 0.768989 0.536992 0.050112 0.106050
9 0.756612 0.637094 0.018970 0.035964
2 0.838689 0.720504 0.040122 0.058268
2 0.645538 0.723555 0.086638 0.065809
2 0.244668 0.708110 0.103343 0.066781
9 0.017781 0.578994 0.035081 0.079311
0 0.761250 0.725009 0.014831 0.033892
7 0.645943 0.723046 0.085840 0.064859
9 0.776695 0.536127 0.033698 0.103458
9 0.421206 0.652326 0.015108 0.026549
