0 0.729312 0.776531 0.146276 0.291681
0 0.505613 0.760624 0.116253 0.240201
0 0.816231 0.747804 0.075431 0.187472
0 0.141603 0.704996 0.028923 0.081429
3 0.398552 0.780933 0.073251 0.124954
0 0.403351 0.718255 0.078976 0.143018
3 0.762528 0.869519 0.146551 0.179518
0 0.012370 0.694198 0.024741 0.112514
3 0.500673 0.806047 0.123945 0.183032
0 0.159913 0.704566 0.023056 0.081259
3 0.642168 0.759874 0.071791 0.086729
0 0.643261 0.713083 0.067947 0.137658
3 0.882373 0.732021 0.074742 0.089678
3 0.748176 0.851225 0.183232 0.214801
0 0.551639 0.682280 0.042261 0.063388
0 0.608181 0.676482 0.030994 0.053344
