2 0.597582 0.785893 0.304370 0.245135
2 0.934370 0.703385 0.130064 0.055487
9 0.666465 0.364827 0.081999 0.037412
0 0.122068 0.730776 0.055431 0.138876
0 0.784637 0.726456 0.066945 0.127010
0 0.444691 0.711167 0.062601 0.104483
2 0.776429 0.689470 0.128803 0.058002
2 0.032515 0.686854 0.064617 0.035337
2 0.750607 0.691007 0.073996 0.054056
3 0.435505 0.764686 0.048417 0.089742
3 0.986559 0.878181 0.025868 0.108828
3 0.786132 0.775027 0.046685 0.066462
5 0.252614 0.655353 0.207684 0.098145
3 0.177911 0.746592 0.058806 0.057095
3 0.788305 0.766359 0.057635 0.083600
9 0.654111 0.364910 0.056816 0.036350
