0 0.795579 0.738228 0.193334 0.275432
7 0.112463 0.661839 0.224403 0.164039
2 0.444625 0.697854 0.132899 0.066536
24 0.752677 0.687566 0.046236 0.085676
2 0.972266 0.688152 0.054437 0.124651
24 0.767752 0.684932 0.079051 0.091671
0 0.349293 0.697026 0.021441 0.044781
9 0.921097 0.421565 0.052591 0.151142
2 0.629873 0.680821 0.030210 0.031745
9 0.898786 0.421840 0.099804 0.153896
0 0.267193 0.689737 0.021351 0.067404
0 0.265538 0.684993 0.017263 0.057249
0 0.654459 0.700464 0.025257 0.044667
1 0.350505 0.699777 0.027450 0.041671
0 0.246387 0.693633 0.018158 0.049766
0 0.364492 0.694489 0.015362 0.044881
