0 0.734626 0.784033 0.167790 0.359409
0 0.495537 0.780568 0.172717 0.335546
0 0.924697 0.782432 0.150074 0.300423
0 0.352126 0.761778 0.132982 0.253906
0 0.046307 0.715347 0.081211 0.148406
3 0.777551 0.891481 0.146981 0.215167
0 0.617808 0.767141 0.138313 0.310737
0 0.083291 0.688946 0.040208 0.103966
3 0.352381 0.815844 0.131450 0.194821
3 0.925037 0.825974 0.148056 0.236425
3 0.622280 0.831142 0.090377 0.160067
0 0.404458 0.677335 0.041216 0.116310
9 0.485253 0.075530 0.198566 0.064866
3 0.500885 0.859050 0.148763 0.226123
0 0.293136 0.676251 0.035554 0.069443
3 0.271632 0.735602 0.052079 0.054043
1 0.096847 0.739964 0.075584 0.061610
26 0.530641 0.741225 0.080597 0.152676
3 0.272781 0.715775 0.056119 0.092026
74 0.284060 0.088928 0.117922 0.118183
1 0.067042 0.744766 0.132504 0.080412
3 0.500241 0.883432 0.103606 0.185603
3 0.940614 0.840807 0.116606 0.211310
