2 0.507116 0.758623 0.257623 0.231535
2 0.322775 0.724740 0.084691 0.109693
2 0.363072 0.711512 0.062765 0.077748
2 0.792501 0.741444 0.167513 0.220601
2 0.734169 0.708401 0.165236 0.146522
7 0.932837 0.749907 0.133730 0.426718
2 0.153454 0.742539 0.305937 0.247698
2 0.643435 0.703255 0.055726 0.088594
2 0.640370 0.682779 0.062192 0.053626
5 0.248141 0.603764 0.189688 0.125610
2 0.648368 0.710895 0.045284 0.078966
0 0.187784 0.737134 0.115525 0.219023
2 0.011662 0.840236 0.023265 0.175058
3 0.154258 0.745217 0.307056 0.248814
