5 0.094986 0.667299 0.189439 0.107774
2 0.409060 0.700849 0.082691 0.068343
2 0.304547 0.711657 0.143881 0.101015
3 0.643275 0.734053 0.049844 0.067299
3 0.960340 0.747438 0.078791 0.091043
0 0.642135 0.704228 0.052393 0.091898
2 0.511944 0.683513 0.055977 0.043546
0 0.791351 0.695199 0.023452 0.064611
0 0.771402 0.694766 0.019374 0.060967
0 0.977521 0.719722 0.044003 0.120530
1 0.897877 0.704722 0.027009 0.045030
11 0.722458 0.606131 0.026607 0.033859
0 0.978835 0.687827 0.040874 0.053305
0 0.775312 0.696013 0.021127 0.062735
