0 0.732671 0.784641 0.169890 0.365885
0 0.922174 0.787511 0.153164 0.306600
0 0.617012 0.754182 0.150655 0.284893
0 0.359319 0.763262 0.124259 0.258126
3 0.777311 0.891490 0.149685 0.214328
3 0.360658 0.807127 0.128002 0.198350
3 0.933470 0.860975 0.132751 0.216793
3 0.623752 0.829299 0.092806 0.159645
3 0.942154 0.882693 0.114758 0.176131
24 0.963871 0.758419 0.072258 0.101620
2 0.563360 0.687133 0.028245 0.022487
9 0.499226 0.569484 0.027211 0.014518
0 0.875934 0.775556 0.060766 0.169137
9 0.503632 0.568241 0.036803 0.014482
3 0.623063 0.817301 0.124877 0.184242
0 0.141577 0.687505 0.016199 0.042324
2 0.493598 0.676136 0.027728 0.016518
9 0.485102 0.075974 0.197709 0.065649
3 0.350472 0.836354 0.106696 0.141634
