0 0.607804 0.755031 0.129540 0.285152
0 0.787359 0.767227 0.183450 0.344877
0 0.357892 0.763374 0.124509 0.260393
0 0.934697 0.750292 0.129749 0.239100
2 0.522442 0.673467 0.033951 0.027506
3 0.628747 0.830646 0.104092 0.156823
3 0.823502 0.874669 0.251023 0.250661
3 0.357722 0.812852 0.123310 0.188892
24 0.962347 0.755897 0.075305 0.104521
2 0.561727 0.686289 0.025208 0.022701
0 0.143177 0.686829 0.015704 0.039663
9 0.485149 0.075895 0.198257 0.065729
2 0.494277 0.677115 0.028361 0.018278
2 0.464185 0.678025 0.025493 0.017697
9 0.501816 0.569410 0.032091 0.015006
3 0.349598 0.836160 0.105745 0.141630
3 0.951936 0.881961 0.095607 0.170124
2 0.409777 0.686843 0.023586 0.019728
0 0.125802 0.685496 0.014490 0.044576
