2 0.149674 0.743501 0.258251 0.161206
2 0.355200 0.709473 0.110953 0.086074
2 0.027201 0.692267 0.054403 0.038897
2 0.954936 0.767070 0.088828 0.332654
3 0.705420 0.759386 0.074154 0.092923
0 0.844682 0.707175 0.030667 0.072155
0 0.704659 0.723317 0.071881 0.124318
0 0.927645 0.702225 0.021996 0.045911
2 0.217768 0.675182 0.119420 0.072864
2 0.493965 0.694245 0.046403 0.041322
0 0.657990 0.698879 0.016742 0.035902
3 0.504725 0.701764 0.028175 0.044610
2 0.428511 0.695690 0.020716 0.043755
0 0.704240 0.696488 0.065029 0.072449
