2 0.467209 0.717085 0.148475 0.137718
2 0.347444 0.698820 0.104524 0.088915
2 0.657009 0.698483 0.114993 0.077794
2 0.849934 0.745662 0.297656 0.208409
2 0.185194 0.677447 0.091169 0.061010
2 0.292219 0.664907 0.052359 0.044264
7 0.053150 0.665804 0.101686 0.085784
9 0.482633 0.036216 0.223402 0.072389
2 0.019274 0.919819 0.038308 0.158447
2 0.137570 0.675718 0.040288 0.045745
5 0.548827 0.658575 0.057481 0.068220
2 0.255904 0.659915 0.026308 0.018499
2 0.033183 0.680587 0.065541 0.068207
2 0.249655 0.659990 0.038484 0.018861
7 0.549694 0.658320 0.060056 0.065819
2 0.525375 0.670874 0.049196 0.051944
2 0.446095 0.644770 0.039905 0.015180
