2 0.149322 0.779218 0.298279 0.239859
2 0.380082 0.699455 0.096850 0.077980
2 0.653475 0.757872 0.242182 0.191859
2 0.517593 0.705253 0.129070 0.120334
0 0.886665 0.728437 0.089941 0.174638
5 0.162895 0.611580 0.325120 0.234262
0 0.787231 0.690770 0.029024 0.074623
2 0.440922 0.680638 0.055794 0.048874
3 0.985046 0.841951 0.029435 0.163196
3 0.893657 0.796429 0.086111 0.108118
0 0.767793 0.688132 0.020020 0.061704
3 0.948586 0.723269 0.059430 0.080659
0 0.727636 0.672440 0.020377 0.035726
0 0.785553 0.693669 0.021742 0.070885
