2 0.406428 0.766797 0.274258 0.234402
2 0.228811 0.682278 0.090002 0.056795
0 0.089592 0.749202 0.111681 0.226003
9 0.690563 0.536902 0.025267 0.071170
2 0.620577 0.681525 0.069415 0.046700
0 0.707295 0.683794 0.023668 0.077664
0 0.975831 0.667666 0.033369 0.089236
0 0.680943 0.687623 0.029150 0.080787
0 0.908507 0.683599 0.036003 0.089472
1 0.912524 0.702431 0.034748 0.058317
0 0.843765 0.677493 0.032593 0.080052
0 0.048647 0.831156 0.097294 0.318375
0 0.844188 0.698075 0.035936 0.121945
0 0.786501 0.698728 0.035772 0.114721
0 0.763703 0.693832 0.026912 0.106679
3 0.047326 0.841788 0.094652 0.304368
0 0.540674 0.686454 0.032065 0.067487
2 0.078357 0.718372 0.156560 0.146672
