2 0.775689 0.685018 0.107177 0.073983
0 0.277537 0.703700 0.036711 0.084268
0 0.601399 0.691397 0.023080 0.068256
0 0.686432 0.692736 0.049527 0.078242
0 0.157503 0.700670 0.022481 0.065157
0 0.499311 0.691545 0.047906 0.085598
9 0.444424 0.478386 0.056210 0.018944
0 0.564199 0.696949 0.049973 0.082746
0 0.352083 0.700237 0.022882 0.074931
2 0.130276 0.702582 0.042459 0.054490
9 0.304255 0.100644 0.149533 0.060944
1 0.380678 0.712501 0.082960 0.054162
1 0.501545 0.715132 0.077937 0.054255
0 0.386364 0.690674 0.042654 0.073559
9 0.284299 0.103150 0.192164 0.068463
1 0.925493 0.690394 0.044194 0.081571
2 0.629749 0.676544 0.038152 0.030238
2 0.709468 0.673782 0.044761 0.037614
0 0.378847 0.695278 0.030396 0.069908
