2 0.245860 0.685677 0.061313 0.050648
3 0.197866 0.713569 0.039647 0.054443
2 0.757838 0.707639 0.285298 0.203853
2 0.287812 0.675525 0.048049 0.038363
3 0.947030 0.707525 0.105296 0.087082
2 0.354842 0.675281 0.046684 0.037533
0 0.081302 0.696001 0.034918 0.068807
0 0.197474 0.691924 0.036187 0.068466
3 0.080147 0.711354 0.028541 0.042830
0 0.454282 0.669804 0.016104 0.035602
2 0.314534 0.666255 0.023679 0.027528
0 0.492675 0.673390 0.016367 0.044308
2 0.399012 0.664599 0.021252 0.021923
0 0.197357 0.704262 0.040180 0.069468
0 0.509101 0.663919 0.017186 0.039845
