2 0.597882 0.785662 0.302368 0.244181
0 0.867490 0.752898 0.129369 0.222525
0 0.242711 0.784756 0.159003 0.305862
3 0.217739 0.907711 0.140376 0.183488
2 0.769571 0.692022 0.141250 0.056223
9 0.667445 0.364922 0.083994 0.037865
3 0.866451 0.847076 0.090049 0.142372
2 0.310616 0.700520 0.095430 0.079847
7 0.436266 0.669439 0.049290 0.054106
5 0.252645 0.637284 0.209155 0.057554
0 0.038890 0.721918 0.077780 0.109675
2 0.256157 0.699821 0.204494 0.082231
3 0.986283 0.876618 0.026460 0.109584
3 0.122029 0.747552 0.086764 0.081412
3 0.865833 0.833259 0.112535 0.166816
2 0.101561 0.684224 0.045119 0.026100
2 0.015046 0.686793 0.030091 0.048643
