0 0.734330 0.785039 0.174678 0.364918
0 0.922050 0.788793 0.152580 0.306923
0 0.607293 0.754646 0.131847 0.285690
0 0.358583 0.763294 0.124840 0.259048
3 0.360473 0.806804 0.129394 0.199674
3 0.777805 0.891291 0.146741 0.214490
24 0.964942 0.759599 0.070116 0.099936
0 0.845419 0.691639 0.059706 0.116710
3 0.624955 0.830233 0.095073 0.158858
3 0.939037 0.867113 0.121572 0.203715
9 0.502072 0.569416 0.033133 0.015292
2 0.562613 0.687288 0.026462 0.021393
9 0.485258 0.076135 0.198824 0.065284
2 0.494147 0.677465 0.024547 0.013474
0 0.127727 0.686637 0.015582 0.045235
