0 0.495558 0.780896 0.177874 0.340171
0 0.736109 0.785192 0.162810 0.360600
0 0.924046 0.784784 0.149356 0.305099
0 0.198544 0.802266 0.213492 0.393675
3 0.154768 0.905048 0.193747 0.189047
0 0.032557 0.754501 0.065115 0.220222
0 0.349602 0.761500 0.127508 0.254371
3 0.621573 0.834221 0.092745 0.160024
0 0.082504 0.798419 0.133120 0.342646
3 0.346322 0.807485 0.125442 0.220799
9 0.485033 0.076343 0.199192 0.064271
0 0.621069 0.749700 0.113720 0.273915
3 0.770327 0.886211 0.130916 0.226072
3 0.924994 0.827591 0.147980 0.232381
3 0.496443 0.857727 0.155485 0.231265
0 0.111002 0.710112 0.079524 0.186999
0 0.614834 0.720146 0.103648 0.212343
3 0.497398 0.883916 0.106930 0.188409
3 0.943938 0.846109 0.110176 0.206981
3 0.824970 0.715513 0.060937 0.099477
0 0.558662 0.675773 0.037339 0.063092
0 0.974530 0.933924 0.050063 0.132152
