0 0.736587 0.783089 0.171015 0.358337
0 0.495821 0.780469 0.172947 0.336146
0 0.925862 0.783546 0.145314 0.298110
0 0.234969 0.735263 0.054738 0.131033
0 0.337399 0.764657 0.158754 0.257648
3 0.621182 0.832858 0.089463 0.158457
9 0.484854 0.075528 0.199123 0.065165
3 0.777996 0.891186 0.146881 0.216304
0 0.617671 0.740242 0.110098 0.256197
3 0.329704 0.801822 0.161863 0.227496
3 0.929691 0.826466 0.138987 0.234768
0 0.141924 0.744253 0.091328 0.170352
3 0.499299 0.850159 0.153420 0.246148
0 0.020431 0.719405 0.040776 0.157434
26 0.528951 0.738789 0.081060 0.150743
3 0.941273 0.853808 0.115977 0.190599
0 0.830242 0.711913 0.054292 0.159455
0 0.022808 0.692912 0.045616 0.106235
3 0.954886 0.848321 0.089609 0.277968
3 0.142275 0.751553 0.097393 0.153944
3 0.345343 0.805232 0.111565 0.217981
3 0.087987 0.726030 0.084782 0.083589
0 0.306394 0.670127 0.045935 0.054563
0 0.081573 0.697921 0.040932 0.097541
0 0.466669 0.684036 0.071210 0.145074
2 0.698718 0.686375 0.078878 0.067648
