0 0.494313 0.782813 0.178788 0.335455
0 0.735789 0.787394 0.168239 0.360172
0 0.140919 0.752580 0.122525 0.269620
0 0.923871 0.785366 0.149927 0.299877
3 0.252654 0.731747 0.088158 0.073674
0 0.352829 0.759522 0.129961 0.254169
0 0.619771 0.744549 0.113193 0.259864
3 0.350235 0.807615 0.128445 0.220545
3 0.621596 0.834826 0.090244 0.159356
3 0.777125 0.879004 0.145320 0.239634
9 0.485087 0.076249 0.198366 0.063910
2 0.018840 0.691158 0.037668 0.080067
3 0.124085 0.825233 0.146220 0.173496
0 0.267311 0.697540 0.048090 0.098589
0 0.832265 0.714834 0.055864 0.160931
0 0.256195 0.697519 0.072000 0.099602
3 0.926377 0.827449 0.145568 0.231305
3 0.499825 0.858022 0.155432 0.231886
2 0.046398 0.693855 0.066323 0.053871
0 0.464378 0.686028 0.080605 0.140853
2 0.035128 0.689809 0.069901 0.076026
3 0.498893 0.883080 0.102341 0.189359
3 0.944874 0.844182 0.108258 0.212648
3 0.107224 0.831544 0.111957 0.157561
3 0.964971 0.853614 0.069381 0.281467
0 0.832207 0.715114 0.037950 0.161111
3 0.975030 0.868956 0.049500 0.258983
