2 0.126033 0.756524 0.244357 0.204850
2 0.265660 0.712643 0.134354 0.119437
7 0.838739 0.712773 0.256450 0.247656
2 0.347034 0.698127 0.081098 0.083083
2 0.019539 0.810692 0.039077 0.279845
7 0.724249 0.662114 0.210735 0.182424
5 0.142571 0.629370 0.204888 0.062575
2 0.429473 0.674116 0.040412 0.050898
2 0.526089 0.691995 0.100935 0.097492
7 0.526278 0.692313 0.100120 0.098668
2 0.594622 0.683089 0.043073 0.047824
2 0.591717 0.676663 0.042519 0.041636
2 0.373108 0.679751 0.089999 0.068561
7 0.979738 0.684699 0.039598 0.292392
