0 0.356932 0.713266 0.075702 0.134777
0 0.890898 0.669703 0.034956 0.053998
3 0.353150 0.763917 0.058876 0.098700
2 0.443540 0.679473 0.039424 0.035973
0 0.533723 0.692531 0.033587 0.062618
3 0.465916 0.699893 0.029062 0.053570
3 0.534136 0.711708 0.030995 0.046868
13 0.881756 0.719164 0.078323 0.049708
58 0.966399 0.739011 0.066268 0.075974
0 0.489308 0.676969 0.018430 0.038519
0 0.718324 0.672981 0.014860 0.043433
0 0.507662 0.683325 0.024491 0.052813
7 0.635197 0.697401 0.062020 0.069345
3 0.506661 0.694129 0.025952 0.039433
