0 0.735515 0.785666 0.168474 0.359698
0 0.141821 0.751372 0.125041 0.269074
0 0.923978 0.785533 0.149492 0.302239
0 0.494932 0.780692 0.179305 0.335270
2 0.845604 0.680814 0.128405 0.062790
3 0.778979 0.882272 0.146149 0.233440
0 0.356906 0.759677 0.132363 0.252160
3 0.621229 0.833173 0.088147 0.161626
0 0.617461 0.743207 0.110437 0.260864
3 0.348410 0.811447 0.118681 0.212126
0 0.028087 0.686787 0.017124 0.051077
3 0.127227 0.814506 0.151784 0.192445
3 0.496625 0.849802 0.161984 0.246868
3 0.926228 0.830302 0.145809 0.225049
3 0.942887 0.847601 0.112802 0.207419
26 0.529679 0.745212 0.079873 0.156552
3 0.108344 0.830017 0.112668 0.159884
9 0.485024 0.075757 0.198267 0.065675
3 0.276090 0.732008 0.045206 0.073220
3 0.967897 0.856522 0.063627 0.272364
0 0.874044 0.776376 0.057789 0.174632
3 0.949883 0.853079 0.099848 0.277528
3 0.343913 0.835401 0.105221 0.165788
2 0.676379 0.681710 0.071168 0.078785
