0 0.140509 0.752852 0.124591 0.269539
0 0.735466 0.786037 0.168964 0.363194
0 0.494031 0.786494 0.176520 0.341233
0 0.924020 0.785535 0.149693 0.305483
2 0.239055 0.687958 0.138027 0.067198
0 0.354221 0.761030 0.132374 0.262228
3 0.778161 0.891880 0.146090 0.213963
3 0.348336 0.810160 0.121640 0.216173
0 0.624520 0.745156 0.118289 0.265733
3 0.622515 0.833344 0.091216 0.162392
3 0.497925 0.853825 0.156785 0.240956
9 0.485421 0.076582 0.199084 0.064355
3 0.126058 0.814342 0.151681 0.193339
0 0.459577 0.684664 0.086598 0.142690
0 0.876493 0.772572 0.064268 0.168166
2 0.047462 0.693864 0.093763 0.047825
3 0.942624 0.856708 0.112990 0.182368
26 0.529520 0.745649 0.082294 0.164358
3 0.108352 0.829733 0.114902 0.160435
3 0.927742 0.847220 0.142430 0.208482
2 0.035324 0.694509 0.070647 0.044641
3 0.500064 0.885398 0.097248 0.186776
3 0.942056 0.854114 0.115465 0.260899
