2 0.066862 0.807111 0.133547 0.284773
2 0.488211 0.724076 0.156597 0.148563
2 0.769895 0.730334 0.181049 0.126633
2 0.916970 0.801027 0.165504 0.288243
2 0.226198 0.690351 0.079120 0.047857
2 0.655202 0.697347 0.111740 0.087603
2 0.118626 0.694241 0.089663 0.049515
2 0.375078 0.685843 0.091801 0.097445
2 0.048690 0.688605 0.054541 0.033922
2 0.295848 0.684894 0.028741 0.023948
2 0.175885 0.682191 0.043497 0.030772
7 0.585305 0.665807 0.056808 0.064429
2 0.323102 0.681818 0.030257 0.027361
2 0.173560 0.687082 0.042897 0.037852
2 0.299152 0.684137 0.036590 0.027604
