2 0.636023 0.698049 0.085694 0.062563
2 0.182507 0.689410 0.068152 0.045136
2 0.038700 0.691828 0.077400 0.057030
2 0.111719 0.683928 0.059719 0.032783
2 0.482983 0.673796 0.027869 0.026104
3 0.576467 0.723199 0.042294 0.055009
2 0.427206 0.679533 0.062304 0.057170
7 0.426693 0.680370 0.060817 0.055303
2 0.528823 0.678759 0.039748 0.034625
2 0.536912 0.679378 0.053616 0.035219
3 0.575515 0.708766 0.043394 0.081638
0 0.729187 0.687162 0.028493 0.066521
2 0.329411 0.672408 0.028495 0.018688
3 0.731735 0.706297 0.032087 0.032785
2 0.259407 0.678163 0.026337 0.020522
