0 0.429929 0.740735 0.087154 0.161209
0 0.720580 0.766717 0.108856 0.246457
3 0.725508 0.848164 0.118072 0.199121
2 0.031117 0.866023 0.062228 0.266979
0 0.313988 0.722582 0.062432 0.114322
2 0.036599 0.719869 0.050889 0.031849
0 0.525918 0.719047 0.078915 0.115785
3 0.312826 0.755370 0.057094 0.088565
3 0.420227 0.799920 0.063042 0.105219
0 0.883793 0.694076 0.025299 0.057067
5 0.347395 0.683057 0.058694 0.068086
2 0.048480 0.717310 0.073148 0.037329
0 0.629874 0.710847 0.050045 0.112460
2 0.261857 0.708199 0.063386 0.065138
3 0.526731 0.773432 0.049758 0.074450
3 0.628874 0.755362 0.046385 0.083351
7 0.290036 0.699306 0.117633 0.082730
1 0.797715 0.726197 0.026262 0.044246
3 0.969174 0.755856 0.061087 0.227443
0 0.547447 0.718049 0.046621 0.112015
3 0.797746 0.726637 0.026594 0.043579
