0 0.910542 0.700101 0.055192 0.087768
2 0.684263 0.680405 0.059602 0.037821
0 0.290997 0.701326 0.038420 0.081540
0 0.421993 0.693293 0.051385 0.084614
0 0.480137 0.694362 0.025772 0.075586
0 0.869728 0.679142 0.025336 0.077285
2 0.634828 0.676745 0.040669 0.027406
1 0.420227 0.714498 0.092243 0.056232
9 0.304671 0.101115 0.150849 0.061255
9 0.443045 0.478204 0.058568 0.018823
2 0.777770 0.685699 0.102832 0.076157
0 0.459400 0.689459 0.025746 0.071972
5 0.166898 0.678350 0.154569 0.113661
3 0.758215 0.707218 0.080241 0.052470
5 0.167676 0.657775 0.150934 0.073870
2 0.713913 0.672033 0.037952 0.031990
1 0.971574 0.681370 0.055731 0.053376
