0 0.162311 0.803257 0.276639 0.392359
0 0.733835 0.786249 0.165754 0.365482
0 0.495900 0.788961 0.175674 0.328945
0 0.924053 0.785506 0.149461 0.304897
0 0.349388 0.763779 0.124407 0.255442
0 0.030260 0.752785 0.060519 0.226871
3 0.143785 0.893893 0.211774 0.211450
3 0.619923 0.833743 0.087905 0.160504
3 0.777576 0.875663 0.148077 0.246053
0 0.622441 0.749072 0.105619 0.273955
3 0.495736 0.856888 0.165064 0.236157
3 0.346361 0.807868 0.119625 0.223090
3 0.924930 0.826876 0.147849 0.229739
0 0.538617 0.685850 0.080012 0.146636
2 0.066356 0.693311 0.108273 0.082924
3 0.975912 0.861282 0.047497 0.271279
3 0.826636 0.708938 0.059531 0.111229
9 0.485042 0.076251 0.199167 0.064499
3 0.405330 0.719937 0.035709 0.074518
3 0.957227 0.850365 0.085229 0.275377
9 0.493240 0.570242 0.015892 0.015353
