2 0.910409 0.734696 0.178624 0.125414
2 0.061251 0.807339 0.122503 0.279126
2 0.462062 0.725660 0.142074 0.116311
2 0.674850 0.716286 0.131206 0.100908
2 0.160831 0.757468 0.250341 0.183791
2 0.606058 0.692792 0.056734 0.052036
2 0.279410 0.728135 0.099967 0.112415
2 0.573340 0.687001 0.030649 0.035095
7 0.290730 0.689566 0.119123 0.115784
2 0.379081 0.686558 0.037293 0.038380
2 0.748092 0.706281 0.059739 0.058711
7 0.510095 0.681258 0.059359 0.065533
2 0.354254 0.692030 0.033403 0.049250
2 0.741199 0.701845 0.074158 0.067544
