2 0.446791 0.688661 0.043652 0.041182
0 0.818701 0.791433 0.177179 0.293747
3 0.864765 0.904155 0.242973 0.190910
0 0.985632 0.683001 0.028246 0.113800
0 0.574642 0.695602 0.036611 0.062310
0 0.398585 0.715698 0.088454 0.132526
3 0.575171 0.714000 0.034617 0.045507
2 0.535107 0.688405 0.051952 0.031457
2 0.844102 0.741246 0.265301 0.192182
3 0.399157 0.731170 0.094153 0.143394
3 0.398415 0.743622 0.066144 0.115320
3 0.396526 0.757604 0.057012 0.085739
0 0.993223 0.687271 0.012808 0.108802
0 0.799260 0.691239 0.038220 0.064755
