2 0.137357 0.795540 0.274559 0.275975
2 0.609048 0.734369 0.199629 0.134151
2 0.924896 0.725445 0.149237 0.103096
2 0.805327 0.713205 0.125768 0.074783
2 0.388442 0.714963 0.121661 0.099749
5 0.500868 0.680057 0.107861 0.116375
2 0.707014 0.712182 0.079939 0.083585
2 0.234583 0.714564 0.092357 0.100404
7 0.500699 0.680745 0.109383 0.114956
2 0.303678 0.694246 0.030347 0.050716
7 0.695993 0.685335 0.135608 0.133682
2 0.350999 0.692196 0.084326 0.087001
7 0.696616 0.656808 0.138389 0.074800
2 0.297349 0.691842 0.044378 0.047435
2 0.833906 0.681837 0.081101 0.032150
