2 0.603090 0.768322 0.268433 0.222903
2 0.157774 0.747489 0.314953 0.243287
2 0.071238 0.837210 0.142278 0.290570
7 0.803348 0.691152 0.155963 0.162603
2 0.341671 0.718275 0.145129 0.119265
0 0.932257 0.708775 0.048951 0.116534
2 0.408621 0.689605 0.081685 0.057335
2 0.398769 0.703961 0.064425 0.087053
2 0.974539 0.705742 0.050466 0.098928
3 0.938201 0.735036 0.054025 0.070799
2 0.890498 0.687273 0.026087 0.051039
2 0.428437 0.690905 0.041776 0.051131
2 0.698566 0.691542 0.068853 0.068712
2 0.702957 0.700263 0.060541 0.054192
2 0.949126 0.705779 0.101192 0.104603
2 0.711714 0.702714 0.041723 0.048466
