2 0.573562 0.714119 0.118953 0.098094
2 0.042657 0.704794 0.084930 0.054788
2 0.202832 0.692002 0.103146 0.066108
2 0.892841 0.704108 0.099118 0.066911
7 0.746748 0.665672 0.102319 0.101558
2 0.301772 0.681102 0.047289 0.040340
2 0.952068 0.770288 0.094751 0.207199
2 0.386996 0.671747 0.050162 0.031853
2 0.499019 0.664577 0.025047 0.018034
2 0.429201 0.667842 0.031877 0.018110
0 0.113682 0.685537 0.019497 0.046332
2 0.356802 0.665142 0.021420 0.030566
2 0.615207 0.684197 0.038043 0.038247
2 0.620186 0.681093 0.048686 0.041428
2 0.819037 0.678586 0.044044 0.037182
