2 0.046984 0.696695 0.093871 0.093193
2 0.688572 0.702088 0.098607 0.075563
0 0.794309 0.707958 0.029470 0.084966
7 0.524433 0.692980 0.097749 0.119221
2 0.104301 0.692807 0.132741 0.063315
2 0.218851 0.682472 0.128864 0.048681
0 0.295193 0.714857 0.029947 0.052963
0 0.760388 0.700297 0.029968 0.093311
11 0.637478 0.531732 0.049279 0.038658
2 0.301527 0.681687 0.053128 0.032367
2 0.620499 0.692842 0.041694 0.049807
0 0.768099 0.700484 0.024163 0.087397
2 0.590908 0.686089 0.031326 0.043588
2 0.312683 0.684771 0.031918 0.026919
0 0.753289 0.701556 0.025223 0.091884
