2 0.166021 0.755082 0.274830 0.164527
2 0.530577 0.734723 0.158060 0.133065
2 0.384291 0.706922 0.089564 0.059707
2 0.296752 0.704817 0.065903 0.052501
2 0.456004 0.696811 0.031252 0.026541
0 0.683744 0.690903 0.017171 0.047451
0 0.654316 0.693957 0.016332 0.049948
0 0.669762 0.691998 0.016046 0.046506
2 0.100685 0.728942 0.201370 0.104810
2 0.070843 0.729338 0.141686 0.104298
0 0.660354 0.693464 0.016119 0.048733
2 0.458905 0.693564 0.035514 0.030269
9 0.710165 0.632081 0.017151 0.029312
0 0.650932 0.693897 0.016238 0.049900
