2 0.130753 0.758862 0.260600 0.182774
7 0.387457 0.697894 0.098442 0.073732
2 0.248759 0.718382 0.093832 0.074061
2 0.739782 0.697775 0.056397 0.046576
2 0.527772 0.707592 0.076719 0.043544
2 0.662080 0.699788 0.065175 0.039742
2 0.569136 0.691903 0.040954 0.035044
9 0.910329 0.575339 0.024935 0.069765
2 0.629092 0.689172 0.055995 0.044551
56 0.047605 0.121061 0.095192 0.124915
9 0.908379 0.619438 0.022149 0.073452
56 0.688726 0.088178 0.089830 0.121961
2 0.558585 0.692939 0.063138 0.034372
56 0.246590 0.105411 0.101981 0.126574
9 0.908443 0.600468 0.021871 0.113131
