0 0.124876 0.793094 0.249752 0.413813
0 0.495666 0.779869 0.178839 0.344913
0 0.737119 0.786077 0.170815 0.362510
0 0.924030 0.784816 0.148959 0.304062
3 0.622528 0.834631 0.090203 0.159174
0 0.349578 0.760182 0.126238 0.252972
3 0.347860 0.807640 0.125000 0.224326
9 0.485352 0.076264 0.198831 0.063609
0 0.623091 0.742372 0.104656 0.255050
3 0.777220 0.876147 0.148627 0.245272
3 0.496858 0.846442 0.167895 0.251278
3 0.925761 0.818482 0.147915 0.240345
3 0.103875 0.912412 0.207047 0.174170
3 0.945000 0.850342 0.108246 0.200939
2 0.016103 0.683238 0.032047 0.069532
0 0.409742 0.677256 0.039196 0.052674
3 0.500411 0.884821 0.100234 0.187245
3 0.943590 0.843523 0.112178 0.286985
0 0.974726 0.933244 0.049665 0.133511
3 0.825547 0.709665 0.059039 0.111265
