2 0.124652 0.745407 0.249304 0.170079
2 0.252610 0.713219 0.139353 0.115540
0 0.625879 0.715859 0.059102 0.121532
2 0.331608 0.702984 0.071743 0.085432
2 0.531926 0.697889 0.036565 0.071074
3 0.630553 0.760063 0.052422 0.073875
3 0.586792 0.715802 0.033666 0.050653
2 0.344429 0.697538 0.084325 0.070760
5 0.305946 0.638283 0.131362 0.048354
0 0.583511 0.694874 0.036401 0.079227
2 0.459285 0.695628 0.121390 0.153474
2 0.930814 0.770836 0.070303 0.136609
2 0.387002 0.689148 0.035937 0.056225
0 0.582529 0.678120 0.037090 0.045822
3 0.930682 0.771025 0.069949 0.135471
7 0.459170 0.695681 0.121897 0.154207
2 0.359105 0.696082 0.054212 0.066059
