2 0.917399 0.717571 0.164491 0.119567
5 0.104180 0.664001 0.208359 0.130332
2 0.541377 0.736403 0.165391 0.142957
2 0.788793 0.694810 0.154752 0.104823
2 0.667575 0.689238 0.063679 0.048309
2 0.058806 0.703524 0.117255 0.103061
2 0.608843 0.678140 0.037925 0.035339
2 0.243961 0.681306 0.048402 0.027923
2 0.708453 0.692508 0.036449 0.068764
2 0.431127 0.672008 0.036416 0.023500
2 0.423222 0.671986 0.027562 0.022302
2 0.628911 0.678847 0.025371 0.035527
2 0.435500 0.673766 0.028450 0.021416
2 0.253439 0.679901 0.066829 0.029403
2 0.276551 0.675429 0.035730 0.026688
