0 0.669886 0.771464 0.139537 0.250689
0 0.050855 0.703290 0.034797 0.075039
0 0.201579 0.704288 0.028134 0.080842
0 0.894129 0.775101 0.155138 0.234294
0 0.222341 0.703186 0.023426 0.082278
3 0.658504 0.884458 0.115193 0.166900
3 0.900591 0.855774 0.168819 0.221818
3 0.987702 0.739037 0.023755 0.096487
0 0.845646 0.693665 0.053527 0.095735
0 0.515987 0.690896 0.027947 0.062394
0 0.552074 0.702586 0.060569 0.108564
3 0.549914 0.745127 0.050519 0.081451
0 0.018684 0.704690 0.020339 0.074863
3 0.602938 0.720012 0.059342 0.063778
0 0.174254 0.695173 0.023492 0.049014
0 0.179036 0.695351 0.022036 0.050009
3 0.667537 0.863475 0.136351 0.208816
