2 0.513714 0.739393 0.184822 0.161754
2 0.788760 0.753015 0.169587 0.191910
2 0.324876 0.725571 0.080359 0.105805
2 0.156709 0.728215 0.313418 0.217383
2 0.368674 0.709756 0.074811 0.075820
7 0.932593 0.748729 0.134148 0.426168
2 0.408863 0.702895 0.048295 0.055566
2 0.639138 0.693580 0.064947 0.077333
2 0.734140 0.707790 0.161760 0.145649
0 0.133840 0.671379 0.048348 0.035484
2 0.011643 0.839417 0.023196 0.177946
5 0.249277 0.606883 0.191011 0.128385
2 0.647945 0.711377 0.045953 0.077446
2 0.522997 0.646585 0.087673 0.035347
