2 0.264400 0.745671 0.286800 0.220366
2 0.416686 0.713482 0.098010 0.103686
2 0.552541 0.690033 0.056726 0.050292
2 0.476239 0.694741 0.072650 0.067551
2 0.973845 0.710453 0.052310 0.041531
0 0.830634 0.700526 0.039565 0.076915
2 0.699803 0.702104 0.112772 0.073169
2 0.507992 0.682078 0.029167 0.029152
3 0.830374 0.717730 0.034761 0.044122
2 0.588431 0.689741 0.027789 0.020915
3 0.899273 0.731853 0.055594 0.049470
0 0.888882 0.703813 0.050136 0.073719
2 0.178089 0.658155 0.141653 0.047470
2 0.784886 0.702016 0.057576 0.051403
3 0.829353 0.709028 0.038089 0.060834
2 0.708743 0.712261 0.096948 0.057269
