0 0.162861 0.800836 0.274296 0.397373
0 0.736701 0.784915 0.160195 0.364969
0 0.493763 0.785165 0.171360 0.332443
0 0.923729 0.785295 0.150002 0.305279
0 0.030515 0.749189 0.061029 0.234870
0 0.352419 0.759326 0.125931 0.250370
3 0.620228 0.834479 0.087389 0.161573
7 0.078992 0.640463 0.157663 0.127427
3 0.776725 0.877658 0.149019 0.241635
0 0.622467 0.752429 0.099816 0.277786
3 0.348255 0.807967 0.120623 0.218882
3 0.491556 0.858500 0.157296 0.233037
3 0.148422 0.888196 0.209897 0.222919
0 0.544039 0.689489 0.077720 0.151360
9 0.484785 0.076289 0.200227 0.064851
3 0.495956 0.884179 0.109944 0.187297
3 0.924628 0.830357 0.148677 0.222256
0 0.075919 0.801020 0.122983 0.359207
0 0.109984 0.683146 0.076986 0.135049
3 0.825600 0.714202 0.060276 0.105553
3 0.415343 0.726086 0.045411 0.064473
3 0.948625 0.849143 0.102439 0.252673
3 0.976007 0.864751 0.047351 0.262537
0 0.977551 0.903815 0.044420 0.190970
0 0.539804 0.782364 0.089037 0.340050
