2 0.423729 0.797994 0.342469 0.281518
2 0.230788 0.648904 0.080130 0.051130
2 0.032181 0.709671 0.064172 0.105682
2 0.790454 0.678403 0.042733 0.081195
2 0.036883 0.659122 0.073282 0.060922
2 0.301541 0.634940 0.053128 0.036365
2 0.424707 0.632737 0.106952 0.060287
2 0.337731 0.615361 0.044948 0.032158
2 0.749625 0.633871 0.023727 0.021550
2 0.638252 0.618524 0.065052 0.047110
2 0.706848 0.633183 0.031743 0.017845
2 0.199797 0.623690 0.054854 0.042962
2 0.683290 0.630563 0.022549 0.021403
2 0.035530 0.620644 0.069586 0.038409
2 0.712640 0.633698 0.028229 0.017103
2 0.698692 0.632221 0.024080 0.019375
