2 0.159452 0.747919 0.318587 0.223841
2 0.689751 0.784302 0.423437 0.362898
2 0.405296 0.695016 0.060628 0.085594
0 0.345918 0.713116 0.065149 0.144918
2 0.027242 0.883268 0.054430 0.233431
2 0.488890 0.740014 0.064921 0.155518
5 0.848776 0.611986 0.300513 0.399463
9 0.486541 0.275755 0.101266 0.039388
2 0.023904 0.676921 0.047702 0.057515
2 0.439336 0.679167 0.048748 0.056962
0 0.909141 0.777479 0.101505 0.317925
7 0.304587 0.649143 0.155580 0.109287
0 0.909538 0.700192 0.097291 0.159612
3 0.341589 0.738440 0.053508 0.100694
