2 0.140216 0.731696 0.182598 0.161897
2 0.055741 0.764326 0.111177 0.167191
2 0.285054 0.702093 0.121718 0.092821
2 0.740240 0.705734 0.095765 0.068354
2 0.865811 0.712826 0.200311 0.129057
2 0.510190 0.675044 0.038852 0.036899
2 0.975866 0.771892 0.047695 0.145164
2 0.681238 0.683614 0.066811 0.056858
2 0.429313 0.679854 0.038858 0.037018
2 0.414124 0.683879 0.039771 0.040291
2 0.421216 0.682682 0.047569 0.038398
2 0.401007 0.688005 0.051755 0.043349
2 0.554585 0.676560 0.028605 0.028571
2 0.586757 0.682714 0.059184 0.065359
2 0.355713 0.700821 0.035181 0.053996
2 0.408767 0.685789 0.037072 0.040957
2 0.436011 0.678659 0.027749 0.033555
7 0.587079 0.682147 0.058711 0.065463
