0 0.734605 0.784391 0.168119 0.357632
0 0.494926 0.777922 0.174457 0.338198
0 0.923191 0.785203 0.151726 0.303372
0 0.353395 0.757303 0.122935 0.248559
3 0.353189 0.807768 0.120467 0.207033
3 0.777418 0.889746 0.146090 0.218175
3 0.621557 0.832809 0.089410 0.159420
0 0.617216 0.742157 0.107632 0.259918
3 0.925657 0.825654 0.146608 0.236742
3 0.496771 0.857045 0.158805 0.232203
0 0.889011 0.666218 0.040779 0.073349
9 0.484989 0.075568 0.199075 0.064253
5 0.303559 0.667583 0.068522 0.062246
0 0.973629 0.922775 0.052180 0.153974
3 0.941002 0.842781 0.115672 0.209448
