0 0.735903 0.786406 0.166840 0.360933
0 0.924923 0.786303 0.147413 0.302108
0 0.141671 0.752867 0.122632 0.268214
0 0.493531 0.785110 0.177588 0.342777
0 0.352352 0.763103 0.126737 0.245115
9 0.485386 0.076571 0.197831 0.064310
0 0.617304 0.743784 0.110473 0.260454
3 0.777955 0.891003 0.147354 0.216537
3 0.621408 0.833813 0.089578 0.161246
3 0.347011 0.811364 0.117058 0.212782
26 0.528882 0.745548 0.087544 0.160548
3 0.027168 0.711785 0.054105 0.069725
3 0.499143 0.856452 0.159509 0.234678
3 0.924784 0.830694 0.148402 0.224426
3 0.120326 0.819467 0.139245 0.185648
0 0.875648 0.776286 0.058963 0.171579
3 0.105795 0.830949 0.109924 0.159590
0 0.462546 0.681400 0.072079 0.137612
5 0.890246 0.654448 0.217938 0.110510
3 0.942715 0.856962 0.113118 0.180878
9 0.503471 0.569200 0.037833 0.017062
2 0.677951 0.669276 0.068585 0.050996
2 0.567990 0.672823 0.042434 0.039096
9 0.497209 0.570146 0.023979 0.016496
2 0.699783 0.707639 0.079993 0.091409
3 0.974199 0.873231 0.051149 0.250659
3 0.499592 0.882531 0.102278 0.190159
