2 0.344271 0.685870 0.123835 0.102117
2 0.941850 0.768291 0.115181 0.190393
2 0.860812 0.728262 0.220160 0.155166
2 0.052066 0.681281 0.103779 0.090099
2 0.739774 0.713834 0.092255 0.097601
2 0.104170 0.678215 0.078216 0.070356
2 0.702250 0.698501 0.089954 0.080373
2 0.653673 0.694988 0.046772 0.059593
7 0.526815 0.688665 0.094635 0.119108
2 0.472483 0.669122 0.025531 0.031816
2 0.878957 0.749282 0.152213 0.114414
2 0.417251 0.675165 0.035561 0.032625
2 0.427327 0.674496 0.041175 0.030113
2 0.597152 0.677370 0.031955 0.041160
2 0.640366 0.680500 0.061863 0.066644
2 0.473700 0.662907 0.026185 0.041407
2 0.600248 0.679150 0.023990 0.039142
2 0.650231 0.700986 0.038726 0.047852
0 0.195316 0.686550 0.019912 0.047519
2 0.434696 0.673600 0.030189 0.030170
