0 0.736841 0.782068 0.151350 0.356910
0 0.422192 0.805680 0.200662 0.388639
0 0.194305 0.807026 0.222820 0.385947
0 0.901571 0.769619 0.127828 0.262634
0 0.515110 0.768291 0.114362 0.298483
3 0.606145 0.807854 0.087125 0.132698
3 0.761779 0.879560 0.122350 0.232489
3 0.157537 0.889996 0.203059 0.219220
0 0.082760 0.694811 0.069729 0.107689
3 0.422171 0.918643 0.144134 0.161773
0 0.603780 0.736041 0.098214 0.231120
0 0.603373 0.690211 0.098936 0.138107
0 0.285757 0.687058 0.036769 0.068027
3 0.427845 0.886594 0.195262 0.226041
0 0.689162 0.673286 0.036229 0.051579
0 0.961652 0.848247 0.076136 0.300649
3 0.074208 0.788738 0.059367 0.116159
3 0.906592 0.828005 0.182846 0.250361
0 0.850294 0.726564 0.069267 0.182044
