2 0.425212 0.798293 0.339027 0.280979
2 0.206874 0.704982 0.162433 0.110731
2 0.041931 0.654682 0.083809 0.087652
2 0.925399 0.708556 0.025498 0.056263
2 0.320084 0.633103 0.050990 0.036286
2 0.747446 0.638102 0.036840 0.030499
2 0.689685 0.631065 0.032633 0.027204
2 0.259743 0.642894 0.070249 0.052209
2 0.149533 0.635702 0.081890 0.067087
2 0.358752 0.620394 0.048168 0.026281
2 0.364702 0.621512 0.035511 0.026108
2 0.085109 0.622622 0.056606 0.026796
2 0.424641 0.632894 0.106145 0.063859
2 0.640702 0.619109 0.059211 0.046267
9 0.021492 0.584330 0.013398 0.025060
