0 0.495660 0.781902 0.179662 0.341331
0 0.736577 0.786411 0.171611 0.361596
0 0.922414 0.784625 0.151001 0.307718
2 0.042487 0.703719 0.084651 0.079279
0 0.125554 0.758611 0.183018 0.299345
9 0.485013 0.076163 0.198512 0.064169
0 0.350237 0.760767 0.129970 0.251668
3 0.344611 0.809276 0.121835 0.218208
3 0.622291 0.834301 0.091267 0.160490
0 0.622052 0.743473 0.118432 0.258177
3 0.133499 0.876653 0.190362 0.245020
3 0.497026 0.847866 0.164149 0.248466
3 0.777899 0.875092 0.147595 0.247235
3 0.498870 0.885063 0.104897 0.187145
3 0.116749 0.896110 0.155633 0.206981
3 0.944776 0.858547 0.108861 0.224965
3 0.924952 0.825624 0.148361 0.235598
3 0.413118 0.726733 0.042837 0.062934
2 0.192068 0.696028 0.054338 0.046307
0 0.974396 0.935238 0.050368 0.129524
3 0.967458 0.855047 0.064405 0.281882
3 0.974969 0.871890 0.049617 0.253432
3 0.823052 0.714715 0.065124 0.103703
0 0.874628 0.780555 0.050282 0.172155
