2 0.775706 0.685212 0.107109 0.074992
0 0.351458 0.699223 0.049955 0.091689
0 0.546306 0.693974 0.027489 0.087126
0 0.587713 0.691486 0.025072 0.077710
0 0.708672 0.693591 0.032094 0.074202
2 0.675300 0.680769 0.037675 0.037411
0 0.406812 0.695327 0.034162 0.074888
0 0.308916 0.697137 0.027397 0.079951
9 0.304312 0.100828 0.148456 0.061500
2 0.636088 0.676310 0.036706 0.027524
0 0.240398 0.693856 0.028287 0.066119
9 0.446301 0.478257 0.053109 0.019152
0 0.451054 0.697179 0.040925 0.078737
0 0.403850 0.694940 0.020135 0.069476
9 0.284331 0.103569 0.191749 0.069731
2 0.064935 0.674069 0.071335 0.018785
