2 0.778788 0.686323 0.111593 0.076232
2 0.684512 0.680406 0.060424 0.037407
2 0.143918 0.703047 0.067103 0.050987
2 0.583668 0.680578 0.049649 0.034354
0 0.869715 0.695176 0.035136 0.079760
9 0.444280 0.477816 0.057377 0.018943
9 0.303435 0.099736 0.153184 0.062366
0 0.953895 0.689980 0.026559 0.076404
0 0.900508 0.687807 0.029342 0.079088
2 0.185172 0.695195 0.039598 0.045918
2 0.716523 0.674540 0.033501 0.036809
2 0.638074 0.678102 0.034815 0.030502
2 0.517433 0.677113 0.031790 0.024474
9 0.288692 0.105799 0.199753 0.066353
62 0.335995 0.484480 0.066106 0.067814
