2 0.219433 0.745147 0.287840 0.176572
2 0.055452 0.840000 0.110418 0.292156
2 0.722457 0.727291 0.200838 0.134510
0 0.929352 0.712568 0.073027 0.130004
2 0.080838 0.690291 0.101218 0.058239
2 0.522403 0.677085 0.068474 0.057733
2 0.407634 0.700187 0.119886 0.102031
3 0.867186 0.727553 0.048807 0.058487
0 0.864527 0.703304 0.050463 0.091615
2 0.022338 0.694671 0.044452 0.072062
2 0.475740 0.664101 0.038242 0.039629
7 0.794015 0.663255 0.121968 0.080699
2 0.476094 0.671504 0.040253 0.052106
2 0.568308 0.669656 0.028721 0.028890
3 0.943124 0.759073 0.069399 0.095170
2 0.266320 0.654915 0.061401 0.019405
3 0.865362 0.708679 0.051965 0.095825
