2 0.235032 0.703722 0.094406 0.074117
0 0.107499 0.709897 0.065517 0.109689
2 0.011094 0.731331 0.022141 0.094911
7 0.534980 0.741321 0.402186 0.367001
3 0.901819 0.758325 0.089825 0.173608
3 0.107586 0.747679 0.055365 0.069908
3 0.959167 0.766195 0.080825 0.186406
3 0.786806 0.738352 0.094440 0.146013
2 0.046460 0.700782 0.092921 0.095289
3 0.962366 0.795702 0.074400 0.146052
0 0.894788 0.657928 0.027862 0.045677
3 0.823170 0.737395 0.085461 0.151746
3 0.974611 0.800852 0.050365 0.166000
3 0.890013 0.774081 0.067630 0.146543
3 0.845082 0.737852 0.095897 0.176306
3 0.870135 0.756028 0.098532 0.143529
2 0.071412 0.704858 0.142503 0.085778
3 0.927722 0.758464 0.141100 0.185929
3 0.111136 0.737580 0.066389 0.093503
