0 0.934282 0.742104 0.108106 0.209262
2 0.503794 0.687415 0.058389 0.047538
2 0.837045 0.707851 0.118613 0.087549
2 0.229975 0.687894 0.050005 0.032860
3 0.940157 0.822730 0.117843 0.162117
2 0.884084 0.724595 0.083245 0.102421
2 0.558778 0.685153 0.024154 0.032917
2 0.923591 0.727585 0.149190 0.110978
2 0.766086 0.694580 0.061971 0.053142
3 0.597652 0.719820 0.035412 0.048039
3 0.715983 0.721635 0.038692 0.046808
3 0.715820 0.707512 0.044020 0.074521
0 0.594155 0.690524 0.040411 0.051364
5 0.367929 0.673876 0.196546 0.142608
2 0.562143 0.685402 0.032276 0.039051
3 0.595440 0.713021 0.040483 0.061378
2 0.091043 0.693597 0.051395 0.043702
2 0.542011 0.678346 0.023389 0.034048
0 0.716730 0.702955 0.049542 0.079223
9 0.323906 0.558547 0.013708 0.040408
