2 0.555910 0.766545 0.256031 0.215818
2 0.077940 0.677432 0.083364 0.063200
0 0.892592 0.695566 0.049646 0.134653
2 0.669407 0.696319 0.080799 0.072143
2 0.432812 0.685768 0.069189 0.056358
0 0.790126 0.714675 0.078180 0.136716
3 0.797570 0.775456 0.082729 0.094799
0 0.235675 0.678096 0.021035 0.055240
0 0.350924 0.682341 0.022888 0.053715
0 0.734142 0.706756 0.046788 0.101855
0 0.851337 0.690321 0.036248 0.101932
58 0.971796 0.704994 0.055489 0.132519
0 0.734000 0.691782 0.045175 0.071618
3 0.734960 0.738255 0.034101 0.051577
9 0.707271 0.610764 0.010766 0.026240
2 0.456670 0.660863 0.044019 0.029390
