2 0.907757 0.744870 0.184487 0.149944
2 0.502477 0.723331 0.163097 0.130680
2 0.584720 0.687556 0.053771 0.050435
2 0.975526 0.893438 0.048347 0.211833
3 0.737501 0.718728 0.034569 0.046673
4 0.165255 0.028019 0.328655 0.056037
2 0.625488 0.679481 0.044449 0.037140
5 0.441458 0.661055 0.098895 0.079574
0 0.734819 0.690824 0.041051 0.058217
7 0.442535 0.661364 0.100722 0.081612
0 0.306215 0.675532 0.013054 0.033927
0 0.242006 0.678244 0.011134 0.037611
0 0.280267 0.677305 0.009893 0.032920
0 0.283391 0.677973 0.013908 0.032740
