2 0.639672 0.686556 0.094272 0.067529
2 0.516700 0.679783 0.065966 0.053444
2 0.722888 0.673460 0.078062 0.053906
0 0.775775 0.690096 0.039814 0.085258
0 0.802928 0.679113 0.024592 0.062289
9 0.399564 0.365980 0.095895 0.031583
0 0.920387 0.663410 0.021791 0.056490
0 0.892729 0.675496 0.022572 0.060205
2 0.035451 0.648139 0.070678 0.066464
0 0.958448 0.671069 0.029810 0.068850
3 0.777709 0.711277 0.038097 0.049814
9 0.410904 0.365762 0.071835 0.029351
2 0.572221 0.669242 0.025478 0.021790
0 0.865530 0.673951 0.022802 0.058444
0 0.951708 0.670856 0.033345 0.068453
0 0.862461 0.669703 0.018586 0.050881
