2 0.061444 0.708733 0.122797 0.114223
2 0.575697 0.680245 0.059037 0.049123
2 0.405252 0.685639 0.067390 0.054056
2 0.492693 0.674686 0.041630 0.035469
2 0.457564 0.668925 0.023691 0.021349
0 0.724960 0.688000 0.022479 0.065665
7 0.161051 0.683039 0.114308 0.092522
2 0.159661 0.683579 0.110653 0.092975
2 0.669213 0.681391 0.044235 0.043819
2 0.263960 0.682293 0.057791 0.057601
58 0.879768 0.702187 0.052883 0.072791
2 0.326839 0.674946 0.039596 0.031667
2 0.619198 0.677063 0.031275 0.023390
3 0.976339 0.719122 0.046555 0.075666
2 0.541625 0.675628 0.020988 0.027218
