0 0.494990 0.779883 0.175867 0.326086
0 0.921404 0.787846 0.154519 0.306507
0 0.733726 0.784761 0.168416 0.362144
0 0.356174 0.761109 0.121497 0.258502
3 0.621831 0.832246 0.091821 0.159849
3 0.777661 0.890248 0.147036 0.217395
0 0.823435 0.693730 0.048499 0.125566
3 0.941915 0.884181 0.115137 0.172117
24 0.965057 0.758829 0.069887 0.099380
0 0.621937 0.739762 0.120510 0.255359
3 0.352335 0.819097 0.113026 0.182052
9 0.484765 0.075771 0.198698 0.064503
0 0.462092 0.683497 0.088549 0.146506
3 0.498447 0.860863 0.164213 0.225197
0 0.127734 0.688501 0.017401 0.041802
74 0.284460 0.089386 0.117454 0.119978
