2 0.875983 0.834869 0.247473 0.302997
2 0.410519 0.768378 0.275743 0.195346
0 0.616840 0.705722 0.049885 0.096700
0 0.207669 0.730592 0.083432 0.151351
0 0.786672 0.696653 0.036289 0.113530
2 0.262024 0.721422 0.108290 0.127377
0 0.944880 0.666809 0.038057 0.038597
0 0.840915 0.691660 0.032145 0.064459
0 0.099608 0.696003 0.037943 0.107605
0 0.971842 0.147945 0.055801 0.136124
0 0.816544 0.708223 0.036070 0.084683
0 0.817488 0.697956 0.032675 0.060693
0 0.468417 0.664715 0.019977 0.019937
0 0.167663 0.391101 0.080256 0.146578
