2 0.102851 0.728330 0.147642 0.108999
2 0.206399 0.706216 0.100233 0.078790
2 0.026994 0.742196 0.053853 0.122327
2 0.510212 0.680235 0.068621 0.061457
3 0.952152 0.829429 0.095078 0.131785
2 0.293562 0.695449 0.071409 0.051965
2 0.330485 0.687613 0.039876 0.045120
3 0.931961 0.786615 0.134410 0.141346
2 0.350852 0.670308 0.043648 0.032170
2 0.616307 0.683917 0.064334 0.048895
3 0.870986 0.777546 0.090108 0.116185
3 0.828698 0.758730 0.105788 0.125434
3 0.674979 0.709367 0.077893 0.071907
2 0.325862 0.691195 0.037417 0.046985
2 0.267742 0.705709 0.043348 0.052255
2 0.336536 0.680888 0.037732 0.036017
3 0.741756 0.728067 0.075733 0.087940
