0 0.495552 0.781398 0.178595 0.342584
0 0.209392 0.800350 0.218571 0.399301
0 0.740325 0.788276 0.171725 0.359577
0 0.924614 0.785483 0.147891 0.304190
0 0.350165 0.758730 0.124108 0.249488
9 0.484842 0.076335 0.199235 0.063757
3 0.620047 0.834461 0.088826 0.161769
0 0.618591 0.735141 0.109603 0.241954
2 0.022456 0.692868 0.044777 0.080408
0 0.085803 0.787637 0.137919 0.341767
3 0.344910 0.806474 0.128202 0.220954
3 0.772301 0.874645 0.158410 0.248148
3 0.148784 0.896588 0.203457 0.206114
3 0.496102 0.856929 0.157240 0.231325
3 0.499409 0.883745 0.106539 0.187855
0 0.115980 0.704819 0.077715 0.174145
3 0.943766 0.847957 0.110566 0.203294
3 0.928583 0.824903 0.141265 0.238250
0 0.974850 0.934404 0.049437 0.131192
3 0.959990 0.850735 0.079323 0.281282
