7 0.405338 0.688735 0.264854 0.229496
2 0.193390 0.702514 0.121171 0.086109
2 0.869216 0.680765 0.068137 0.048202
2 0.753814 0.662554 0.031005 0.027881
2 0.551691 0.672205 0.035336 0.034281
2 0.818451 0.666467 0.045876 0.034142
2 0.292362 0.678402 0.090431 0.127194
2 0.714497 0.654469 0.024913 0.028104
2 0.660584 0.669348 0.035229 0.021856
2 0.581634 0.665891 0.028364 0.027412
0 0.965098 0.676156 0.018058 0.049156
2 0.606823 0.659673 0.024933 0.025223
2 0.661860 0.665782 0.039157 0.028112
7 0.291731 0.674933 0.090762 0.122540
