7 0.426220 0.685784 0.127254 0.120054
0 0.922467 0.687508 0.032572 0.075528
0 0.823832 0.688454 0.029935 0.075838
2 0.628125 0.682561 0.072241 0.058542
1 0.881057 0.707361 0.068242 0.050382
0 0.976306 0.670810 0.033409 0.117056
1 0.828618 0.708629 0.076391 0.048835
0 0.880778 0.687310 0.032101 0.074989
2 0.538976 0.671367 0.033822 0.025099
0 0.879730 0.690653 0.043291 0.077930
2 0.504926 0.684771 0.041286 0.047862
0 0.991795 0.669618 0.015682 0.112070
0 0.887848 0.687160 0.047782 0.077191
0 0.982203 0.671157 0.035124 0.115782
0 0.815047 0.690195 0.046411 0.080100
2 0.629697 0.692845 0.070316 0.039637
0 0.972711 0.677775 0.026007 0.097787
