2 0.699518 0.713792 0.149060 0.105580
2 0.532475 0.690971 0.071140 0.053845
2 0.088391 0.704914 0.105031 0.063294
0 0.896265 0.700125 0.047600 0.089492
2 0.473458 0.678947 0.038930 0.030760
2 0.257672 0.692133 0.032229 0.022951
2 0.258357 0.688422 0.034870 0.030062
2 0.312169 0.682705 0.043139 0.027876
2 0.623872 0.697663 0.037322 0.056974
0 0.827692 0.675220 0.017352 0.049527
0 0.178934 0.696880 0.014695 0.029600
3 0.908576 0.730823 0.048505 0.052834
2 0.987968 0.750610 0.023478 0.100391
0 0.854865 0.677200 0.018515 0.056128
2 0.574754 0.683094 0.024194 0.021527
0 0.859315 0.678172 0.020251 0.058442
2 0.622241 0.691711 0.031717 0.044457
2 0.598172 0.687330 0.031261 0.038493
2 0.390814 0.673053 0.022011 0.017905
