2 0.409254 0.677308 0.044780 0.043500
0 0.272071 0.785305 0.187685 0.335976
2 0.109989 0.680601 0.051963 0.036714
3 0.268269 0.854236 0.179319 0.290043
9 0.484765 0.158259 0.168113 0.055402
0 0.821543 0.674879 0.021812 0.050347
2 0.365374 0.680533 0.070723 0.056824
2 0.031190 0.684450 0.062110 0.036946
3 0.908499 0.784620 0.150944 0.202686
0 0.608852 0.669298 0.035582 0.054735
3 0.593468 0.703585 0.057672 0.049207
2 0.499374 0.671659 0.064170 0.075881
0 0.580655 0.678894 0.030933 0.064850
2 0.017862 0.685934 0.035724 0.035521
2 0.359753 0.688274 0.081519 0.050041
