5 0.920148 0.672822 0.158813 0.156037
2 0.065665 0.724921 0.131160 0.120704
2 0.482729 0.710536 0.102500 0.082260
2 0.260392 0.722221 0.186546 0.189220
2 0.161809 0.694583 0.043492 0.069003
2 0.359020 0.669518 0.041388 0.056828
2 0.125781 0.667754 0.072530 0.041858
2 0.444483 0.669224 0.076039 0.078045
7 0.039163 0.600989 0.077772 0.137261
2 0.300584 0.619772 0.049279 0.032036
2 0.811315 0.690089 0.025117 0.057071
2 0.185604 0.645203 0.041738 0.029000
2 0.595521 0.652004 0.017685 0.024801
2 0.125756 0.656982 0.063247 0.026163
2 0.178357 0.650219 0.031851 0.022176
