0 0.141916 0.752453 0.122939 0.269564
0 0.494810 0.784097 0.177617 0.338397
0 0.734715 0.786598 0.164314 0.359395
0 0.924398 0.785953 0.148450 0.302606
2 0.229071 0.693878 0.160176 0.082705
3 0.620912 0.834248 0.089656 0.160328
9 0.484630 0.076554 0.198699 0.063563
0 0.620851 0.743217 0.111547 0.258514
3 0.348591 0.806716 0.120643 0.222363
0 0.350541 0.761554 0.123880 0.258055
3 0.778375 0.877504 0.147113 0.242529
2 0.020003 0.691283 0.039995 0.080032
3 0.498161 0.857096 0.162130 0.232430
3 0.926073 0.830090 0.145522 0.226187
2 0.554711 0.674991 0.047327 0.053677
3 0.108531 0.830288 0.113208 0.159448
2 0.049348 0.693859 0.060041 0.040647
3 0.123796 0.820223 0.144952 0.182401
3 0.500820 0.885173 0.100789 0.187030
3 0.414646 0.726237 0.039805 0.061604
26 0.513144 0.731431 0.105567 0.128833
3 0.943022 0.848313 0.111844 0.195186
2 0.844448 0.682392 0.086322 0.061986
3 0.975813 0.875501 0.047934 0.246155
9 0.503339 0.568921 0.037358 0.016319
0 0.820028 0.679735 0.050940 0.063366
3 0.825920 0.711128 0.060091 0.109705
