2 0.888228 0.761543 0.223002 0.222846
2 0.792144 0.721021 0.175670 0.160773
2 0.041475 0.736213 0.082207 0.132093
2 0.690066 0.709565 0.080496 0.113380
3 0.962541 0.829757 0.073865 0.167414
2 0.327439 0.675002 0.056859 0.036672
2 0.539433 0.724953 0.231155 0.271878
0 0.199821 0.654415 0.031012 0.060764
2 0.263409 0.682910 0.069057 0.053494
2 0.276470 0.676441 0.096768 0.041173
7 0.539075 0.724371 0.230366 0.271509
2 0.367574 0.672174 0.028305 0.025658
74 0.713097 0.454334 0.085120 0.081182
2 0.261287 0.677322 0.080729 0.046407
2 0.303490 0.676696 0.042965 0.036341
2 0.308371 0.678811 0.033914 0.030777
