0 0.495624 0.782602 0.177079 0.338629
0 0.140999 0.752627 0.123729 0.269017
0 0.734499 0.785887 0.165643 0.362116
0 0.926093 0.785287 0.144909 0.302782
9 0.484525 0.076347 0.198857 0.063459
2 0.023524 0.693159 0.046730 0.078768
3 0.621541 0.834677 0.089928 0.159519
3 0.342909 0.808194 0.122343 0.220938
0 0.345641 0.759710 0.126766 0.251309
0 0.619556 0.742079 0.110004 0.256167
3 0.778212 0.876074 0.148538 0.245368
3 0.498001 0.846805 0.167548 0.252903
2 0.058439 0.693035 0.050979 0.041866
3 0.124676 0.819201 0.148298 0.186206
3 0.925667 0.829569 0.146524 0.227732
3 0.108621 0.830413 0.115021 0.159725
0 0.828271 0.701948 0.066268 0.115466
3 0.500576 0.882076 0.104876 0.191131
3 0.942800 0.847189 0.112430 0.198239
3 0.975160 0.870638 0.049243 0.255623
26 0.512465 0.736439 0.099359 0.140232
3 0.020673 0.705136 0.041129 0.054665
3 0.962008 0.852879 0.075348 0.275480
3 0.409494 0.724377 0.038086 0.065323
0 0.875663 0.731141 0.048996 0.069082
