2 0.243869 0.737899 0.218909 0.151287
2 0.732453 0.709994 0.166022 0.131670
2 0.941948 0.785690 0.114982 0.233914
2 0.509730 0.720055 0.147860 0.138455
2 0.427943 0.691301 0.061363 0.070736
2 0.125882 0.695031 0.069042 0.066898
7 0.035769 0.689432 0.071456 0.079247
2 0.140131 0.694039 0.097508 0.066036
0 0.893897 0.703589 0.045359 0.083086
0 0.893703 0.690741 0.043343 0.057402
3 0.917647 0.712521 0.086331 0.073428
3 0.912052 0.719771 0.074990 0.056380
2 0.337946 0.691870 0.034290 0.039038
2 0.382968 0.694200 0.033492 0.040693
9 0.686588 0.612038 0.017370 0.042144
7 0.600129 0.686712 0.076832 0.076493
9 0.446725 0.537355 0.029720 0.029751
3 0.898487 0.721443 0.048394 0.052402
