2 0.513708 0.739431 0.185081 0.161743
2 0.790311 0.752901 0.172212 0.192408
2 0.367973 0.709860 0.076287 0.074639
2 0.156861 0.729465 0.313721 0.221013
2 0.325251 0.725278 0.080089 0.103003
7 0.933286 0.748630 0.132764 0.426349
2 0.408402 0.703991 0.049915 0.054322
2 0.353417 0.713000 0.104301 0.079913
2 0.640272 0.693753 0.061915 0.076745
0 0.133038 0.670168 0.049016 0.036385
5 0.249589 0.606903 0.190693 0.129715
2 0.649152 0.711634 0.045888 0.076907
2 0.011537 0.839546 0.022985 0.177868
7 0.737555 0.707891 0.163837 0.146358
2 0.734649 0.708190 0.161876 0.147084
2 0.596346 0.688705 0.031769 0.031135
2 0.523760 0.646843 0.087416 0.035628
2 0.433758 0.687558 0.028525 0.026344
