2 0.300104 0.701273 0.108964 0.113223
0 0.750764 0.707325 0.049868 0.102453
2 0.175490 0.739910 0.207537 0.182846
3 0.754225 0.734514 0.047358 0.061271
2 0.623220 0.694452 0.069747 0.060433
2 0.889009 0.716343 0.188253 0.119556
0 0.662072 0.707018 0.053448 0.088751
2 0.507623 0.686198 0.066278 0.063724
3 0.663721 0.730152 0.051897 0.064666
2 0.683079 0.709540 0.102912 0.081525
3 0.670232 0.731595 0.037559 0.062265
2 0.600966 0.685503 0.060506 0.059705
2 0.705001 0.709100 0.058514 0.081614
2 0.588424 0.685368 0.035407 0.056465
