2 0.576911 0.703580 0.123075 0.092260
2 0.179211 0.757659 0.262756 0.228768
2 0.054622 0.806888 0.108979 0.385946
2 0.303916 0.710011 0.081778 0.116165
2 0.364938 0.684547 0.037385 0.053102
3 0.676128 0.720759 0.064717 0.064737
0 0.749935 0.705742 0.076229 0.115781
2 0.516617 0.678584 0.031101 0.038279
3 0.438774 0.707208 0.031330 0.045716
2 0.338448 0.699405 0.042572 0.085003
0 0.439415 0.691877 0.032210 0.070744
3 0.755268 0.744108 0.076104 0.079463
0 0.678482 0.696796 0.054392 0.091682
0 0.958528 0.667212 0.022571 0.054400
2 0.488283 0.669844 0.031994 0.020923
3 0.438793 0.698110 0.033148 0.061756
2 0.710418 0.669141 0.024573 0.019599
2 0.362656 0.677308 0.036385 0.038385
