0 0.496713 0.784818 0.177711 0.329496
0 0.733374 0.786729 0.168119 0.364647
0 0.923343 0.785504 0.152641 0.307387
0 0.172436 0.802602 0.257074 0.394183
0 0.351719 0.760042 0.125107 0.249008
0 0.029954 0.756028 0.059909 0.222876
3 0.776834 0.885840 0.143640 0.227049
3 0.340615 0.812995 0.103606 0.213869
0 0.617592 0.741217 0.108161 0.254933
0 0.105785 0.694604 0.091300 0.170386
3 0.154715 0.888571 0.250704 0.222574
3 0.153258 0.904081 0.198628 0.191127
3 0.501879 0.860124 0.155175 0.229083
3 0.621440 0.831621 0.093391 0.168639
9 0.484592 0.075703 0.198760 0.064429
3 0.924306 0.828293 0.149384 0.230613
3 0.498802 0.884828 0.109764 0.187114
0 0.078280 0.808164 0.126873 0.338072
3 0.974663 0.861451 0.050009 0.270631
9 0.493368 0.569827 0.016359 0.015302
3 0.951011 0.850958 0.097687 0.274312
0 0.466963 0.681830 0.081383 0.140723
