2 0.530989 0.774989 0.288583 0.230918
2 0.057678 0.717336 0.114752 0.067150
2 0.683175 0.689790 0.044441 0.027608
2 0.191456 0.697756 0.071610 0.037891
2 0.250315 0.688890 0.049024 0.037456
3 0.968446 0.733490 0.061668 0.063354
3 0.788384 0.699357 0.030637 0.050438
2 0.322183 0.681045 0.030009 0.027966
3 0.788948 0.707594 0.029979 0.034561
0 0.967081 0.712688 0.061901 0.091004
2 0.332134 0.681555 0.050518 0.028904
0 0.788909 0.699659 0.029843 0.050552
2 0.323363 0.682662 0.039901 0.029876
0 0.786814 0.694012 0.028138 0.044030
