2 0.093185 0.732431 0.186109 0.166285
2 0.802032 0.696056 0.148785 0.121972
2 0.707969 0.687639 0.059726 0.060730
2 0.237868 0.682955 0.069940 0.056913
2 0.184845 0.683101 0.068044 0.068922
2 0.293929 0.680379 0.060734 0.046545
2 0.227590 0.683499 0.049919 0.055904
2 0.400023 0.669736 0.039825 0.029106
2 0.323381 0.678310 0.035936 0.037257
1 0.967572 0.754467 0.063992 0.073318
2 0.584939 0.670360 0.025720 0.023826
2 0.611507 0.669102 0.029845 0.029521
2 0.284516 0.681894 0.042278 0.046654
2 0.697507 0.683940 0.070398 0.055688
2 0.482397 0.669879 0.027198 0.017128
7 0.515783 0.663709 0.032999 0.039643
