2 0.885888 0.712518 0.176423 0.112100
0 0.596202 0.711188 0.059817 0.095911
2 0.649140 0.692813 0.046854 0.030857
2 0.749761 0.691701 0.057246 0.044090
3 0.892256 0.752857 0.076302 0.087908
0 0.701473 0.710555 0.036832 0.088324
2 0.520056 0.684045 0.026976 0.020083
3 0.597773 0.735362 0.055213 0.084769
0 0.700953 0.696222 0.035244 0.056946
9 0.400591 0.398696 0.086387 0.025296
3 0.724121 0.737273 0.070751 0.078144
2 0.758447 0.693265 0.039567 0.042357
2 0.554123 0.685225 0.025609 0.017337
3 0.736652 0.746862 0.049069 0.060127
0 0.885318 0.724300 0.071263 0.115050
3 0.599259 0.745401 0.050095 0.067300
