2 0.356966 0.715850 0.173101 0.133766
2 0.083774 0.695711 0.081837 0.048844
2 0.435140 0.692304 0.041696 0.060592
0 0.861726 0.690572 0.024535 0.080376
2 0.163727 0.688225 0.062754 0.035901
2 0.589617 0.698500 0.101972 0.086426
2 0.478760 0.679788 0.043713 0.038054
2 0.271362 0.683522 0.040040 0.036033
0 0.817910 0.689468 0.024567 0.079365
2 0.508276 0.673557 0.021625 0.016485
2 0.136460 0.690570 0.030216 0.030839
0 0.881336 0.697080 0.021613 0.048183
9 0.437186 0.584594 0.020410 0.022608
2 0.538818 0.670870 0.018192 0.023900
