0 0.495588 0.781333 0.173695 0.332630
0 0.734325 0.786613 0.175585 0.363267
0 0.923296 0.784519 0.150807 0.302936
0 0.354869 0.756686 0.120507 0.253324
3 0.356539 0.797689 0.122725 0.223048
3 0.777277 0.890593 0.145895 0.216540
3 0.620696 0.832143 0.087869 0.158375
0 0.819555 0.699365 0.048255 0.131249
0 0.619843 0.741159 0.113798 0.258102
3 0.925029 0.826630 0.148198 0.235556
3 0.494749 0.857523 0.162054 0.232994
9 0.485064 0.075685 0.198584 0.064604
0 0.122603 0.686102 0.013658 0.044929
3 0.951709 0.849191 0.095988 0.282014
0 0.973845 0.926038 0.051748 0.147432
0 0.128182 0.687861 0.015943 0.041843
3 0.941456 0.840996 0.115471 0.220349
