2 0.598086 0.783415 0.299468 0.241356
2 0.779818 0.692606 0.147362 0.057904
0 0.116189 0.731814 0.069109 0.146272
9 0.667496 0.364712 0.082389 0.037970
2 0.945251 0.699690 0.109499 0.057314
2 0.493055 0.695892 0.140387 0.082667
3 0.227763 0.714507 0.059407 0.048154
0 0.345259 0.719267 0.040331 0.080431
0 0.052642 0.699910 0.023327 0.050455
3 0.346480 0.736160 0.040554 0.058126
2 0.391510 0.668426 0.046056 0.023133
2 0.468246 0.695540 0.088552 0.080151
3 0.147773 0.766631 0.048445 0.065060
3 0.180642 0.741729 0.062836 0.059424
3 0.103208 0.763515 0.135863 0.086565
5 0.255929 0.654467 0.207484 0.097618
