2 0.593374 0.709152 0.129055 0.107073
2 0.435482 0.697150 0.083233 0.057710
2 0.384384 0.682424 0.034233 0.032563
7 0.045948 0.680535 0.091505 0.096628
2 0.492641 0.679109 0.033662 0.029383
2 0.198328 0.689721 0.053202 0.033048
7 0.199129 0.674225 0.056623 0.061973
9 0.378465 0.463239 0.055485 0.019856
2 0.025570 0.697111 0.050674 0.071515
9 0.375433 0.566678 0.023175 0.025001
0 0.799795 0.706586 0.057199 0.099888
3 0.819421 0.731996 0.106834 0.078431
3 0.743713 0.692363 0.031841 0.035966
2 0.264022 0.685041 0.047377 0.034396
0 0.880938 0.676589 0.022834 0.045366
2 0.529081 0.675640 0.018583 0.025956
0 0.802417 0.695489 0.049255 0.076201
2 0.306470 0.678162 0.027299 0.029495
7 0.026352 0.690600 0.052578 0.085089
3 0.746347 0.696872 0.032658 0.026887
2 0.129572 0.693871 0.062642 0.035562
