0 0.512891 0.797838 0.179898 0.323027
3 0.859144 0.859287 0.279654 0.280610
0 0.324265 0.765386 0.141988 0.256468
0 0.875576 0.787413 0.221801 0.311395
3 0.314823 0.834095 0.081002 0.146257
3 0.169694 0.716891 0.052586 0.056729
3 0.569446 0.906874 0.182630 0.155064
0 0.012723 0.695383 0.025305 0.112411
0 0.687446 0.767781 0.093675 0.229255
0 0.056284 0.705665 0.027021 0.089483
0 0.076971 0.703677 0.026371 0.090567
0 0.634341 0.688431 0.060786 0.097314
0 0.768153 0.686338 0.066418 0.077787
3 0.307810 0.823644 0.103128 0.162760
0 0.820070 0.680659 0.086039 0.070292
0 0.167335 0.692748 0.036617 0.062484
0 0.474016 0.679468 0.065305 0.081809
