2 0.073390 0.734899 0.146518 0.135902
2 0.162627 0.713727 0.111543 0.100469
2 0.796225 0.708729 0.152909 0.117511
0 0.959369 0.689066 0.080527 0.111591
2 0.344492 0.686327 0.035263 0.045515
2 0.242948 0.709083 0.068010 0.082662
2 0.319123 0.684731 0.033846 0.061656
2 0.670494 0.684766 0.086754 0.087066
2 0.333268 0.683709 0.059034 0.058068
2 0.271174 0.690507 0.084828 0.066344
3 0.706402 0.748374 0.055974 0.082951
7 0.554733 0.692592 0.134173 0.156123
3 0.955941 0.799195 0.086957 0.178606
3 0.444196 0.684456 0.030626 0.038562
5 0.553695 0.693487 0.133968 0.156804
2 0.286560 0.692200 0.051607 0.067011
3 0.409458 0.690382 0.022765 0.035071
9 0.579172 0.570955 0.016638 0.031337
