2 0.408950 0.768908 0.278731 0.195181
2 0.854158 0.799183 0.291258 0.248741
0 0.599412 0.711321 0.038136 0.122395
0 0.270436 0.723405 0.047124 0.141003
0 0.743421 0.695244 0.034031 0.093560
2 0.212957 0.722767 0.134757 0.129616
0 0.691103 0.726824 0.043640 0.125158
2 0.243844 0.723439 0.198450 0.131605
0 0.903177 0.546000 0.098600 0.090055
5 0.900571 0.550378 0.197468 0.299236
7 0.699459 0.667783 0.123888 0.087265
0 0.631405 0.700732 0.027328 0.062916
1 0.655744 0.723165 0.042475 0.061071
9 0.157401 0.596045 0.019049 0.043943
0 0.568339 0.706996 0.031983 0.106110
0 0.173651 0.390045 0.068549 0.145062
0 0.972121 0.148314 0.055238 0.136305
