0 0.734080 0.785179 0.166271 0.365044
0 0.925300 0.786608 0.147348 0.307805
0 0.493991 0.783702 0.179589 0.332059
0 0.175577 0.803081 0.250598 0.392798
0 0.348115 0.758799 0.122084 0.252047
0 0.030521 0.755702 0.061042 0.221918
3 0.152279 0.904434 0.196152 0.190373
0 0.620244 0.743196 0.110545 0.257514
3 0.777686 0.878052 0.148512 0.241655
2 0.061401 0.693989 0.073005 0.057288
9 0.484761 0.076237 0.198887 0.065012
3 0.620213 0.833529 0.089374 0.161290
3 0.495187 0.884755 0.104784 0.188479
3 0.926590 0.827367 0.144583 0.233328
3 0.339710 0.807113 0.110789 0.225624
3 0.489011 0.858912 0.147372 0.231505
0 0.531575 0.784136 0.097267 0.347546
0 0.529800 0.745575 0.088435 0.264053
0 0.077124 0.808884 0.126344 0.333766
0 0.528347 0.688073 0.083598 0.150423
3 0.826000 0.709467 0.059324 0.112469
0 0.977433 0.933190 0.044236 0.133516
3 0.943868 0.841363 0.111980 0.260602
3 0.975429 0.857309 0.048498 0.271418
