0 0.495437 0.785289 0.176787 0.341714
0 0.735620 0.786083 0.160784 0.362539
0 0.924627 0.784915 0.147942 0.303193
0 0.183379 0.801997 0.247181 0.394629
3 0.154413 0.903757 0.195315 0.191518
9 0.485107 0.076223 0.198840 0.063976
0 0.351121 0.764334 0.127740 0.259853
0 0.620111 0.742873 0.117394 0.256817
3 0.620026 0.834472 0.090722 0.163222
3 0.345889 0.807628 0.121013 0.222681
3 0.776067 0.887053 0.144544 0.224567
3 0.498446 0.858523 0.158376 0.227777
3 0.925502 0.826172 0.147141 0.239430
0 0.032991 0.750375 0.065982 0.234893
3 0.824679 0.710718 0.060513 0.111317
3 0.498258 0.883396 0.105323 0.188770
3 0.943139 0.850221 0.111715 0.197442
0 0.109966 0.708014 0.083763 0.188364
0 0.078790 0.802546 0.130375 0.341260
0 0.813037 0.679006 0.038809 0.055231
3 0.825934 0.728381 0.055540 0.076341
0 0.974509 0.933582 0.050147 0.132837
