2 0.775188 0.684758 0.107771 0.073776
2 0.684584 0.680546 0.059351 0.037051
0 0.412994 0.704302 0.047445 0.085290
9 0.444425 0.478168 0.056424 0.018721
2 0.634747 0.676300 0.039687 0.027347
0 0.191541 0.699764 0.027288 0.064983
9 0.305271 0.100380 0.149243 0.060465
0 0.855345 0.696360 0.035744 0.079110
2 0.558835 0.671861 0.025139 0.017245
2 0.715985 0.673432 0.034594 0.034735
2 0.057545 0.674892 0.057390 0.016130
9 0.283878 0.101437 0.193201 0.067997
2 0.712552 0.676145 0.042498 0.040994
5 0.168443 0.653665 0.156692 0.068244
