0 0.786484 0.694931 0.047413 0.096872
2 0.684216 0.680571 0.060209 0.037426
0 0.957352 0.702218 0.057875 0.137159
0 0.338446 0.698669 0.030882 0.076709
9 0.444099 0.478370 0.057267 0.018773
2 0.777487 0.687293 0.109292 0.068837
2 0.635276 0.676421 0.038514 0.028094
9 0.305060 0.100624 0.149114 0.061322
0 0.850653 0.676444 0.019545 0.051408
0 0.563781 0.696001 0.024380 0.063161
0 0.365489 0.716624 0.020062 0.036097
2 0.714922 0.672926 0.034989 0.033272
5 0.167127 0.679046 0.152964 0.114519
2 0.056235 0.674688 0.054751 0.016242
9 0.284243 0.101943 0.192289 0.069506
