2 0.501471 0.719205 0.152208 0.119141
2 0.338038 0.699731 0.109848 0.085753
0 0.267333 0.725788 0.088054 0.163914
0 0.689808 0.718129 0.087635 0.148743
2 0.149566 0.740437 0.174870 0.155139
2 0.594152 0.684573 0.059770 0.052346
0 0.977068 0.669724 0.023372 0.064188
13 0.944770 0.707291 0.065877 0.039269
2 0.404999 0.689552 0.052601 0.058596
3 0.259418 0.807044 0.077989 0.113297
0 0.775755 0.672974 0.022286 0.049714
3 0.691185 0.767897 0.065361 0.101418
9 0.670222 0.573944 0.015881 0.044595
2 0.212496 0.739518 0.301132 0.157765
3 0.685399 0.761324 0.083651 0.108029
