2 0.507000 0.760419 0.259127 0.228061
2 0.793512 0.752522 0.166732 0.202360
2 0.735617 0.707060 0.162423 0.143180
2 0.325321 0.724694 0.085340 0.107620
7 0.933067 0.750272 0.133269 0.426110
2 0.099668 0.731054 0.199138 0.220387
2 0.011675 0.840366 0.023307 0.176054
2 0.155040 0.728340 0.308641 0.216735
2 0.645217 0.702444 0.057024 0.090926
0 0.388920 0.668009 0.041876 0.038869
2 0.226552 0.725879 0.169216 0.213104
5 0.247345 0.603295 0.189009 0.127131
2 0.643936 0.680505 0.060367 0.049661
0 0.388304 0.708264 0.045650 0.120786
