2 0.303137 0.720821 0.166014 0.131722
2 0.176274 0.714794 0.157438 0.118116
2 0.060972 0.812266 0.121944 0.222257
2 0.400332 0.698120 0.066594 0.070749
0 0.836849 0.718243 0.044095 0.105966
0 0.935661 0.706992 0.045171 0.120281
0 0.666270 0.694587 0.024844 0.065040
0 0.720342 0.691827 0.021270 0.056602
2 0.586240 0.679486 0.034738 0.027357
2 0.531405 0.689769 0.051372 0.037925
2 0.444527 0.681151 0.052697 0.058146
9 0.710305 0.495667 0.037780 0.073489
0 0.089079 0.706682 0.022792 0.047446
0 0.627870 0.681419 0.013324 0.031206
0 0.059364 0.701641 0.025934 0.059713
0 0.682878 0.695754 0.020051 0.061317
0 0.031703 0.693214 0.023483 0.035142
