2 0.617406 0.803648 0.327895 0.274667
0 0.243414 0.722137 0.090142 0.178754
2 0.044999 0.691709 0.089805 0.087184
7 0.330670 0.679053 0.141570 0.158412
2 0.897120 0.754944 0.204837 0.246006
3 0.234174 0.792577 0.090845 0.133191
2 0.773067 0.711337 0.140196 0.122992
2 0.146034 0.693497 0.163974 0.101596
2 0.422711 0.695555 0.054595 0.050674
2 0.459684 0.688636 0.027591 0.033667
2 0.481515 0.671190 0.031450 0.033584
2 0.709172 0.663333 0.047106 0.033107
9 0.470075 0.564657 0.021457 0.020986
2 0.485762 0.671418 0.043133 0.036843
