2 0.529961 0.676526 0.031545 0.026427
2 0.969583 0.717211 0.060782 0.089674
2 0.879528 0.698175 0.100565 0.064671
0 0.114347 0.702917 0.017226 0.054070
2 0.600271 0.679689 0.051306 0.038507
2 0.680724 0.680371 0.034754 0.027893
2 0.761505 0.684862 0.086132 0.037080
2 0.565575 0.674864 0.024457 0.018871
2 0.384059 0.680706 0.030484 0.022148
2 0.421098 0.682190 0.020281 0.015496
3 0.151304 0.706137 0.023551 0.035494
2 0.775749 0.685531 0.056007 0.036601
0 0.136757 0.688443 0.013511 0.032273
2 0.736511 0.685880 0.035982 0.033721
2 0.563873 0.673982 0.025222 0.024138
0 0.154062 0.699400 0.019901 0.042469
