0 0.932629 0.760330 0.133163 0.252491
0 0.358904 0.762715 0.123971 0.261925
0 0.635816 0.737135 0.130641 0.252191
24 0.969671 0.753605 0.060143 0.107630
3 0.928825 0.837639 0.141268 0.255840
3 0.359995 0.808581 0.126947 0.195729
3 0.642191 0.827957 0.144594 0.244972
3 0.651421 0.858474 0.128644 0.184038
9 0.500388 0.569372 0.030383 0.014658
9 0.485848 0.075887 0.197758 0.064972
2 0.433930 0.678511 0.035537 0.030128
2 0.505232 0.675167 0.036511 0.038813
7 0.504628 0.674499 0.037775 0.039062
0 0.773630 0.675591 0.029028 0.050690
3 0.358427 0.835385 0.121691 0.142026
0 0.145017 0.685840 0.015138 0.045846
2 0.534772 0.673167 0.025114 0.019255
74 0.284862 0.088923 0.117368 0.117476
