2 0.327060 0.693477 0.070645 0.055668
0 0.742547 0.745591 0.107165 0.196313
2 0.112003 0.777958 0.223730 0.392468
5 0.187985 0.664602 0.122146 0.122124
0 0.908388 0.716654 0.034681 0.109632
5 0.282409 0.673043 0.070817 0.075576
3 0.754839 0.801724 0.082849 0.124918
2 0.404570 0.699777 0.055392 0.047746
0 0.454742 0.712240 0.048151 0.081972
3 0.644234 0.781871 0.052634 0.086777
0 0.559368 0.716513 0.065723 0.094694
3 0.451227 0.747505 0.037202 0.057942
0 0.935659 0.713263 0.023933 0.082119
0 0.494070 0.705375 0.032472 0.066525
3 0.559500 0.759652 0.042613 0.061757
3 0.652066 0.771494 0.072631 0.108020
0 0.643767 0.719387 0.059114 0.105509
0 0.639898 0.707845 0.059660 0.082110
0 0.428680 0.706906 0.023357 0.066050
0 0.930786 0.715002 0.023528 0.084356
3 0.493758 0.718672 0.027330 0.046218
0 0.673425 0.693605 0.031569 0.045394
