2 0.679202 0.703403 0.164227 0.078236
2 0.183509 0.735434 0.194486 0.060759
2 0.489841 0.717758 0.197310 0.070298
2 0.026024 0.745811 0.051851 0.045683
2 0.265234 0.720680 0.076587 0.049285
2 0.841846 0.695277 0.257570 0.088236
2 0.378738 0.717902 0.055788 0.037620
2 0.362971 0.717865 0.085052 0.038021
2 0.921267 0.694732 0.100117 0.078536
2 0.974401 0.670055 0.050305 0.028130
9 0.670620 0.628348 0.015318 0.030383
2 0.350379 0.718860 0.060687 0.035266
9 0.507522 0.533109 0.014987 0.016300
2 0.339470 0.718362 0.038098 0.036046
2 0.250042 0.722140 0.097905 0.052751
9 0.794792 0.619621 0.017771 0.030650
