2 0.229244 0.743311 0.258031 0.190088
2 0.935588 0.737795 0.127196 0.229048
2 0.086257 0.724153 0.158338 0.145127
2 0.020637 0.741737 0.041092 0.161588
0 0.673160 0.715565 0.082229 0.141135
2 0.750951 0.715452 0.098806 0.108822
3 0.533893 0.737463 0.042478 0.059734
0 0.531702 0.703649 0.052800 0.090438
3 0.682827 0.782102 0.074700 0.096954
2 0.844890 0.734018 0.191118 0.179997
2 0.826151 0.747509 0.151326 0.149405
2 0.860530 0.675943 0.155938 0.061073
2 0.974411 0.854163 0.050766 0.289977
7 0.549809 0.690837 0.097910 0.111767
2 0.621320 0.689685 0.047819 0.045825
0 0.645952 0.714401 0.041888 0.117092
