2 0.597555 0.785089 0.303218 0.245827
0 0.821345 0.734527 0.102639 0.178293
9 0.667206 0.364596 0.083051 0.038057
5 0.253677 0.655827 0.204793 0.098617
3 0.836773 0.785600 0.075060 0.096549
0 0.443018 0.711449 0.061007 0.099001
2 0.178119 0.688016 0.104710 0.051136
0 0.774616 0.728308 0.053008 0.128643
2 0.878670 0.697808 0.080506 0.056389
3 0.985817 0.875093 0.027322 0.113969
2 0.429261 0.690017 0.135531 0.070349
3 0.825096 0.780514 0.099112 0.106115
3 0.118919 0.747374 0.084257 0.083987
3 0.439890 0.765418 0.052686 0.084392
3 0.036085 0.775857 0.069371 0.083282
3 0.444619 0.756820 0.063529 0.100732
0 0.259253 0.685223 0.024984 0.055289
2 0.032319 0.685519 0.064123 0.032922
0 0.264411 0.690392 0.035370 0.046397
