2 0.062534 0.739043 0.125000 0.127703
2 0.162146 0.709803 0.123276 0.095889
2 0.749856 0.710550 0.159683 0.112980
27 0.895543 0.424839 0.019614 0.070518
2 0.367116 0.688410 0.083031 0.083624
0 0.909097 0.381158 0.112056 0.168497
7 0.519871 0.692661 0.134819 0.146258
2 0.674567 0.699347 0.071740 0.103694
3 0.932942 0.804635 0.134117 0.114789
2 0.635788 0.689977 0.051319 0.079052
2 0.288714 0.673232 0.049155 0.044884
74 0.659505 0.507172 0.063046 0.063384
27 0.898328 0.423994 0.027173 0.073802
2 0.686582 0.693719 0.099157 0.096724
3 0.916224 0.796228 0.166775 0.128433
0 0.595336 0.678780 0.021523 0.045785
