2 0.153756 0.703422 0.088295 0.053239
9 0.443072 0.478313 0.059205 0.018508
9 0.304936 0.101239 0.150160 0.061613
2 0.675428 0.680681 0.036678 0.038020
0 0.814683 0.693761 0.025414 0.083043
0 0.699819 0.695084 0.032737 0.085559
0 0.789579 0.696115 0.033795 0.078117
0 0.835295 0.690586 0.023662 0.074236
2 0.183888 0.695410 0.045310 0.046626
0 0.599712 0.691719 0.037620 0.075154
0 0.744194 0.692721 0.035767 0.084974
0 0.561576 0.692333 0.023261 0.072377
2 0.064266 0.674272 0.070625 0.017931
0 0.642553 0.699371 0.033316 0.056802
0 0.709522 0.695836 0.052520 0.082916
9 0.287068 0.106115 0.200304 0.066159
0 0.560405 0.687214 0.019066 0.059716
2 0.530302 0.672138 0.028425 0.021143
0 0.738954 0.694634 0.030753 0.083324
0 0.566703 0.693969 0.031398 0.073227
