7 0.865890 0.663992 0.266796 0.217047
2 0.265217 0.693604 0.092218 0.064302
0 0.586614 0.699832 0.054954 0.089635
2 0.717290 0.690510 0.064277 0.061833
2 0.373209 0.678969 0.037228 0.024776
9 0.733587 0.151572 0.162500 0.068956
2 0.534126 0.674721 0.033753 0.024842
2 0.295648 0.676451 0.061059 0.057611
2 0.635370 0.682777 0.033255 0.031958
3 0.112209 0.712742 0.096914 0.061329
2 0.667241 0.688820 0.037485 0.040089
0 0.836176 0.652023 0.030798 0.036726
2 0.688582 0.692331 0.028012 0.047605
2 0.288862 0.683525 0.050674 0.065377
2 0.504490 0.665404 0.024816 0.021090
