0 0.735136 0.788643 0.165971 0.361404
0 0.493646 0.784145 0.175170 0.330752
0 0.141602 0.755857 0.123308 0.261868
2 0.039952 0.693850 0.079708 0.099254
0 0.613745 0.745771 0.103521 0.264219
0 0.926093 0.767903 0.147309 0.267994
0 0.310735 0.667974 0.041483 0.069914
0 0.351598 0.758392 0.128346 0.246737
0 0.473873 0.678024 0.075524 0.137824
3 0.770294 0.890115 0.127854 0.207202
3 0.752991 0.874171 0.183194 0.236684
3 0.622748 0.829129 0.087572 0.157162
3 0.346363 0.800103 0.131921 0.221578
3 0.127874 0.816842 0.151257 0.182642
3 0.495102 0.856859 0.157867 0.212252
0 0.875584 0.687846 0.052146 0.095027
3 0.108966 0.829703 0.112757 0.155056
