0 0.166937 0.800819 0.273041 0.396795
0 0.493012 0.784494 0.165572 0.328282
0 0.738388 0.785607 0.160866 0.367679
0 0.927310 0.776526 0.144833 0.293089
0 0.616781 0.745075 0.096790 0.262113
0 0.030606 0.748066 0.061212 0.235538
0 0.541824 0.689337 0.074310 0.148178
0 0.350564 0.752786 0.122675 0.239802
7 0.078276 0.636802 0.155641 0.123973
3 0.621922 0.829522 0.083602 0.154579
3 0.767103 0.872671 0.206461 0.240981
3 0.496850 0.879023 0.110702 0.180369
3 0.150228 0.891918 0.243629 0.215949
3 0.503494 0.857620 0.144913 0.217210
3 0.412017 0.725040 0.040530 0.065963
0 0.877200 0.730999 0.057067 0.077604
3 0.344829 0.805124 0.117337 0.219734
0 0.876846 0.778963 0.057551 0.174019
