0 0.910825 0.698406 0.053045 0.091358
0 0.291761 0.700733 0.036830 0.083111
1 0.422751 0.714746 0.091746 0.058482
0 0.421847 0.691975 0.053757 0.087754
9 0.440946 0.478251 0.063254 0.018123
0 0.478382 0.693622 0.024561 0.071777
2 0.634145 0.676519 0.041258 0.027499
0 0.458978 0.688368 0.025987 0.075577
2 0.691484 0.679077 0.073082 0.040697
0 0.871138 0.680626 0.029945 0.072934
2 0.773163 0.688265 0.108493 0.070664
2 0.624399 0.675830 0.060847 0.027834
2 0.674600 0.679706 0.041543 0.037002
9 0.300659 0.099725 0.152308 0.062017
5 0.166006 0.655078 0.155732 0.067901
2 0.612979 0.673914 0.043074 0.026379
