2 0.328276 0.731461 0.143669 0.105190
2 0.645314 0.711563 0.071464 0.048654
2 0.495710 0.705492 0.072659 0.053564
9 0.351698 0.454628 0.079473 0.023540
0 0.954647 0.702590 0.023557 0.062662
2 0.224997 0.694683 0.045465 0.041545
2 0.027249 0.698449 0.054498 0.076021
0 0.925508 0.697921 0.021912 0.062517
2 0.138649 0.703692 0.059651 0.050924
2 0.236317 0.695097 0.070658 0.046371
2 0.153595 0.703320 0.089795 0.050897
2 0.256875 0.691874 0.038434 0.042832
2 0.190958 0.699846 0.038446 0.040898
0 0.878087 0.699355 0.018482 0.057900
