0 0.743142 0.745480 0.102500 0.197032
5 0.187417 0.664044 0.119958 0.121415
0 0.908391 0.716052 0.033374 0.110111
2 0.327703 0.694418 0.067718 0.052610
5 0.280522 0.673896 0.071946 0.076180
3 0.644104 0.781567 0.051516 0.085835
2 0.112190 0.778703 0.224035 0.394294
2 0.405344 0.699364 0.059944 0.047473
3 0.559768 0.757878 0.043432 0.066218
0 0.450302 0.711527 0.048336 0.081342
3 0.758627 0.801534 0.081576 0.124200
0 0.558407 0.716902 0.064526 0.098676
0 0.933049 0.710538 0.023357 0.083897
3 0.449003 0.747156 0.042608 0.059946
0 0.534225 0.708753 0.027421 0.076248
0 0.494760 0.702341 0.030905 0.065307
0 0.430504 0.708358 0.024527 0.068341
0 0.645596 0.726276 0.055395 0.120367
0 0.929119 0.713929 0.022139 0.083958
3 0.496206 0.718199 0.034743 0.047774
