3 0.844561 0.792240 0.128768 0.210493
7 0.158089 0.736400 0.315302 0.305642
0 0.956187 0.735901 0.086067 0.199066
7 0.445468 0.662045 0.079835 0.111049
0 0.828320 0.718836 0.104909 0.193635
2 0.336025 0.697651 0.072557 0.070481
0 0.706352 0.698724 0.082912 0.106829
3 0.966203 0.793015 0.066634 0.123364
2 0.358080 0.678405 0.049122 0.045641
2 0.778327 0.955411 0.353392 0.088441
7 0.535521 0.655961 0.087042 0.122945
3 0.956798 0.780298 0.086124 0.146527
3 0.611224 0.705584 0.036868 0.065754
3 0.610439 0.715171 0.032529 0.047440
0 0.610937 0.695272 0.040726 0.078795
