0 0.736185 0.782958 0.160677 0.359958
0 0.495544 0.780798 0.172951 0.331833
0 0.927797 0.781350 0.143641 0.292729
0 0.827891 0.695996 0.041389 0.125279
0 0.354861 0.758457 0.118550 0.254331
0 0.612721 0.737718 0.103538 0.249703
3 0.353536 0.805390 0.118470 0.206651
3 0.621810 0.826788 0.087182 0.155737
3 0.494439 0.852996 0.170298 0.226987
3 0.928254 0.849615 0.142900 0.234524
3 0.773247 0.882365 0.134052 0.196664
3 0.757745 0.866084 0.180658 0.226659
3 0.494355 0.874818 0.114275 0.184518
24 0.963563 0.759389 0.072875 0.115016
0 0.462634 0.682397 0.088514 0.142027
