2 0.091064 0.737103 0.168875 0.127445
2 0.766862 0.707733 0.146805 0.106078
7 0.196741 0.684736 0.167184 0.144949
2 0.018993 0.751446 0.037713 0.158626
2 0.952381 0.801042 0.094799 0.208644
2 0.302544 0.702900 0.049331 0.064906
2 0.692933 0.695551 0.058876 0.081458
2 0.407717 0.682449 0.055084 0.038421
2 0.667173 0.691410 0.064959 0.070045
2 0.327463 0.694947 0.035550 0.052441
2 0.524121 0.676614 0.045869 0.031556
2 0.440870 0.677682 0.025503 0.023289
1 0.967901 0.721129 0.063126 0.055638
2 0.589349 0.682489 0.038122 0.023802
2 0.634491 0.694327 0.030650 0.046483
