2 0.427234 0.800844 0.341240 0.285813
2 0.207054 0.705224 0.163326 0.111210
2 0.319792 0.633978 0.049414 0.033731
2 0.042309 0.655121 0.084364 0.083363
2 0.691407 0.630805 0.036298 0.028024
2 0.924943 0.705763 0.026670 0.063192
2 0.258362 0.643511 0.068194 0.053542
2 0.747649 0.638576 0.039837 0.029801
2 0.366402 0.622084 0.030689 0.022153
7 0.149212 0.635477 0.081904 0.066923
2 0.441730 0.632016 0.140376 0.062456
2 0.086941 0.622940 0.049285 0.024123
2 0.358698 0.621161 0.045878 0.023096
2 0.699357 0.630830 0.050290 0.027721
2 0.351737 0.619698 0.033250 0.021009
2 0.714032 0.632485 0.022781 0.020373
