0 0.739686 0.784874 0.172789 0.360816
0 0.493798 0.781161 0.172934 0.340820
0 0.351576 0.755020 0.127020 0.244915
0 0.929170 0.753227 0.140191 0.238955
2 0.274165 0.690509 0.114746 0.059138
3 0.156378 0.724472 0.122172 0.085676
0 0.614205 0.739083 0.105407 0.252940
3 0.498274 0.856486 0.172178 0.227734
3 0.350660 0.804105 0.125808 0.213058
3 0.622069 0.827585 0.089110 0.161997
3 0.774676 0.887816 0.138401 0.202967
3 0.508904 0.880262 0.142077 0.184861
3 0.754703 0.869150 0.186546 0.234396
3 0.070004 0.816493 0.139773 0.337487
0 0.413983 0.075807 0.050396 0.060428
0 0.614194 0.687248 0.101738 0.148307
3 0.070512 0.876657 0.141025 0.220990
2 0.312179 0.684900 0.191970 0.070946
0 0.155175 0.697909 0.038828 0.098253
