0 0.738847 0.785020 0.158825 0.356705
0 0.494105 0.777768 0.169705 0.337358
0 0.354724 0.753622 0.123055 0.240096
0 0.612454 0.737817 0.100816 0.248545
0 0.927640 0.751362 0.142508 0.234850
3 0.622345 0.826294 0.086384 0.157128
3 0.753622 0.865871 0.180308 0.232236
3 0.923433 0.820373 0.151499 0.242476
3 0.501857 0.858058 0.154177 0.221768
3 0.354464 0.809240 0.121702 0.200983
0 0.413862 0.076349 0.050232 0.060714
2 0.090559 0.688190 0.064769 0.038591
3 0.772928 0.882061 0.133643 0.203762
0 0.889255 0.668909 0.037848 0.065607
