2 0.243221 0.738237 0.218680 0.151695
2 0.942068 0.788427 0.114815 0.235933
2 0.139144 0.692312 0.096132 0.066291
2 0.428091 0.690934 0.057424 0.071652
2 0.733265 0.708697 0.167207 0.133500
2 0.509332 0.720920 0.148311 0.135543
0 0.892031 0.690790 0.031562 0.055367
0 0.891586 0.699860 0.034886 0.074561
2 0.337147 0.689475 0.033645 0.042492
2 0.124132 0.693108 0.066781 0.066346
9 0.447294 0.537532 0.027214 0.026061
7 0.595385 0.686093 0.066636 0.073881
2 0.382749 0.697095 0.038534 0.048728
3 0.895758 0.719617 0.043708 0.053656
3 0.909441 0.718449 0.070495 0.056485
