0 0.634524 0.734194 0.130251 0.248744
0 0.359362 0.758605 0.122513 0.254045
0 0.930429 0.756994 0.138479 0.249861
3 0.928410 0.833253 0.142509 0.254888
3 0.361029 0.808786 0.128125 0.192917
3 0.640001 0.840103 0.139113 0.209788
3 0.361027 0.834508 0.123766 0.139400
5 0.830256 0.649361 0.330060 0.086607
0 0.143169 0.684202 0.015980 0.047048
2 0.432969 0.677683 0.036706 0.033207
0 0.412479 0.075646 0.048032 0.060999
2 0.503857 0.674479 0.038144 0.036881
2 0.082517 0.687720 0.041155 0.036791
0 0.774313 0.674742 0.028734 0.049613
