2 0.790006 0.752298 0.171520 0.194478
2 0.323574 0.724808 0.084680 0.109262
2 0.371635 0.710794 0.071598 0.076969
2 0.157369 0.729724 0.314739 0.223117
2 0.512908 0.742103 0.188132 0.165380
7 0.932902 0.748381 0.133543 0.428357
2 0.639282 0.694898 0.065648 0.078064
2 0.648383 0.713019 0.038894 0.078675
2 0.734714 0.709193 0.162944 0.147031
2 0.011506 0.835287 0.022911 0.179182
2 0.933144 0.751054 0.132798 0.427350
2 0.406560 0.702071 0.042844 0.054515
7 0.738395 0.709324 0.169062 0.145997
2 0.375888 0.721504 0.055969 0.055919
2 0.408725 0.710602 0.038724 0.041423
2 0.650338 0.720539 0.030106 0.065893
