0 0.493532 0.779100 0.172646 0.337473
0 0.202695 0.801087 0.240485 0.397826
0 0.737084 0.787467 0.165353 0.362991
0 0.614658 0.745246 0.102319 0.260280
0 0.929583 0.754086 0.139623 0.244934
2 0.022495 0.695082 0.044960 0.076127
3 0.621979 0.831368 0.085988 0.160201
3 0.750412 0.874341 0.174303 0.238886
3 0.498159 0.880771 0.115470 0.180818
0 0.115355 0.691169 0.077844 0.136312
0 0.355854 0.751796 0.111767 0.236790
0 0.820274 0.694881 0.052198 0.097075
3 0.158625 0.900562 0.209549 0.198092
3 0.497931 0.858646 0.151558 0.214829
2 0.020560 0.703876 0.040977 0.058045
3 0.768435 0.885316 0.121580 0.215998
3 0.929871 0.840165 0.139810 0.271670
3 0.346925 0.781567 0.128422 0.257219
0 0.412931 0.076229 0.048935 0.060765
3 0.908021 0.852485 0.182379 0.292770
3 0.146527 0.873549 0.239605 0.252005
