0 0.512604 0.800143 0.182483 0.328580
0 0.327356 0.765310 0.137066 0.253336
3 0.315335 0.838521 0.083129 0.132185
0 0.873364 0.743814 0.232360 0.225540
0 0.688964 0.766514 0.092084 0.222994
3 0.860280 0.855517 0.278697 0.287813
0 0.012188 0.694583 0.024355 0.111200
3 0.568870 0.904641 0.177168 0.154546
3 0.169564 0.717436 0.053530 0.056133
0 0.769159 0.681506 0.063859 0.067573
0 0.055390 0.706566 0.026727 0.089967
0 0.632176 0.688236 0.061754 0.096103
0 0.819059 0.679047 0.079876 0.066350
0 0.462897 0.742989 0.086147 0.208669
0 0.077663 0.703354 0.024907 0.091161
0 0.472861 0.681747 0.067692 0.088643
