2 0.247134 0.702763 0.106639 0.081077
0 0.829445 0.735936 0.098988 0.188689
2 0.654164 0.690668 0.070145 0.052184
2 0.309744 0.689938 0.066553 0.070183
3 0.967755 0.807906 0.063667 0.133804
2 0.545485 0.673940 0.033092 0.025143
2 0.375136 0.679147 0.055396 0.057701
2 0.339921 0.687071 0.049541 0.058344
2 0.407393 0.672319 0.057732 0.049816
2 0.468158 0.672688 0.033950 0.025140
2 0.459513 0.681810 0.045316 0.045835
2 0.461217 0.672840 0.048084 0.027638
2 0.628475 0.676793 0.049585 0.036369
2 0.706151 0.697901 0.056121 0.080067
3 0.875098 0.790052 0.089154 0.103381
