0 0.163342 0.803179 0.274624 0.392169
0 0.495026 0.782725 0.171235 0.336404
0 0.738274 0.786127 0.170735 0.369009
0 0.351601 0.751121 0.125036 0.231281
0 0.615887 0.742006 0.099229 0.256795
0 0.029103 0.753852 0.058207 0.219297
3 0.768570 0.872818 0.215722 0.241061
3 0.506336 0.858031 0.151871 0.219993
3 0.150835 0.888162 0.229027 0.223471
0 0.409436 0.702135 0.035993 0.107516
3 0.622131 0.829042 0.084541 0.157099
0 0.927246 0.771258 0.145011 0.282764
3 0.496545 0.882303 0.111952 0.179545
3 0.341316 0.801406 0.113829 0.230111
0 0.877193 0.730792 0.057817 0.078109
3 0.341246 0.844166 0.100075 0.146182
0 0.409379 0.680264 0.035463 0.064764
0 0.538036 0.685822 0.076834 0.148351
0 0.616748 0.701210 0.096859 0.175190
0 0.877822 0.779567 0.059779 0.177034
0 0.978414 0.938783 0.042519 0.121593
