2 0.555327 0.771523 0.257430 0.223766
2 0.077823 0.677252 0.085822 0.061269
0 0.893634 0.696234 0.045482 0.137471
2 0.430210 0.687396 0.065383 0.056311
0 0.791272 0.716357 0.075927 0.135257
2 0.667914 0.695260 0.081398 0.070487
0 0.733814 0.706419 0.047371 0.100387
0 0.234973 0.677618 0.021264 0.055999
3 0.797670 0.771727 0.084382 0.097848
0 0.851942 0.691762 0.036053 0.105116
0 0.351374 0.683295 0.022390 0.052598
58 0.970663 0.703517 0.057762 0.129526
3 0.735272 0.736265 0.036058 0.054635
3 0.734088 0.729997 0.044138 0.066106
