0 0.735752 0.787887 0.168507 0.364584
0 0.140220 0.764707 0.126034 0.244105
0 0.492445 0.784871 0.175088 0.333748
2 0.237293 0.688624 0.143922 0.067961
0 0.929066 0.765001 0.139874 0.266239
0 0.613734 0.741568 0.103852 0.253846
0 0.352218 0.757436 0.129590 0.248250
0 0.461471 0.684305 0.082750 0.141691
3 0.496748 0.850446 0.161004 0.214342
3 0.767918 0.889945 0.122237 0.208850
3 0.109092 0.829818 0.113523 0.155949
3 0.752604 0.871945 0.164666 0.242601
3 0.347867 0.818800 0.119779 0.194219
3 0.621350 0.827763 0.085160 0.158321
3 0.127784 0.815218 0.151385 0.186138
0 0.874756 0.728683 0.057885 0.079627
2 0.054002 0.693430 0.076281 0.046801
3 0.340073 0.843859 0.103344 0.144542
0 0.872230 0.775305 0.070752 0.173994
