0 0.494645 0.779424 0.174942 0.333638
0 0.733400 0.787339 0.162242 0.359343
0 0.141559 0.755184 0.122849 0.265053
0 0.929141 0.769411 0.139735 0.269304
0 0.613265 0.746781 0.106089 0.263657
2 0.020003 0.694446 0.039894 0.077216
0 0.347558 0.758355 0.124346 0.250499
3 0.127539 0.826143 0.151974 0.168873
3 0.503161 0.850045 0.155938 0.218713
3 0.768287 0.873202 0.211905 0.241288
3 0.346218 0.788753 0.125847 0.251301
3 0.620773 0.828845 0.085864 0.157498
0 0.825835 0.703052 0.063896 0.122025
0 0.875003 0.730016 0.050955 0.071461
0 0.412498 0.076296 0.049712 0.061069
3 0.407673 0.726557 0.033762 0.061530
2 0.062337 0.693066 0.056096 0.044335
3 0.109062 0.830042 0.113572 0.155351
3 0.769288 0.884915 0.127121 0.218074
2 0.018125 0.705196 0.036042 0.055140
0 0.458200 0.072948 0.048312 0.054145
3 0.500624 0.868251 0.107845 0.172620
0 0.975164 0.934088 0.049150 0.131355
