0 0.738198 0.783362 0.161544 0.358516
0 0.497777 0.783420 0.167619 0.335022
0 0.928571 0.772902 0.142332 0.276035
0 0.355813 0.749847 0.117651 0.232352
0 0.828362 0.696325 0.042157 0.127995
0 0.613933 0.750937 0.102812 0.279811
0 0.470325 0.680372 0.092135 0.141227
3 0.355201 0.805146 0.120760 0.203977
3 0.622509 0.829232 0.085825 0.160123
3 0.502420 0.851540 0.174385 0.229914
3 0.757183 0.867609 0.184570 0.221494
3 0.932001 0.849378 0.135693 0.235411
3 0.769453 0.882875 0.128952 0.192497
3 0.498734 0.876814 0.117580 0.181673
