2 0.217930 0.746097 0.289900 0.180295
2 0.054643 0.819281 0.108960 0.328667
2 0.722567 0.727761 0.200382 0.135914
0 0.930967 0.713638 0.072719 0.130250
2 0.522586 0.677152 0.068738 0.058376
2 0.407513 0.700359 0.119740 0.103318
7 0.795980 0.664274 0.122879 0.080342
2 0.081621 0.690349 0.103117 0.057114
2 0.474588 0.663643 0.037858 0.039271
2 0.567818 0.671351 0.029513 0.026817
2 0.475167 0.675126 0.038721 0.062013
0 0.865447 0.705915 0.048954 0.098550
3 0.937495 0.757252 0.072725 0.094748
7 0.521994 0.668333 0.068474 0.074490
