2 0.789213 0.753114 0.172394 0.192436
2 0.513254 0.741307 0.185237 0.162517
2 0.323078 0.725391 0.084298 0.109966
2 0.371296 0.710846 0.068826 0.076215
2 0.157679 0.730954 0.314484 0.226147
7 0.932670 0.747815 0.134017 0.425635
2 0.734241 0.708628 0.162820 0.144928
2 0.640702 0.693894 0.067986 0.077354
2 0.647518 0.712239 0.040743 0.079839
2 0.011450 0.833465 0.022817 0.184358
7 0.158054 0.731640 0.314741 0.222924
2 0.407462 0.703165 0.051882 0.056788
2 0.407893 0.709557 0.042598 0.048201
2 0.648163 0.699621 0.055313 0.076853
