0 0.734487 0.782601 0.150652 0.358248
0 0.190136 0.808401 0.234926 0.382167
0 0.421137 0.803433 0.195817 0.378941
0 0.516462 0.768074 0.110363 0.297152
0 0.904900 0.780209 0.121404 0.281894
0 0.603596 0.746758 0.100274 0.247744
3 0.165772 0.886267 0.219389 0.227297
3 0.608073 0.809071 0.085386 0.128742
3 0.417638 0.901342 0.192372 0.196490
0 0.975978 0.919180 0.047038 0.160210
0 0.083926 0.692063 0.061572 0.097860
3 0.756947 0.867281 0.151710 0.232778
0 0.080016 0.743100 0.069842 0.201390
0 0.604202 0.692671 0.099001 0.141659
