2 0.576740 0.703905 0.123521 0.092946
2 0.055403 0.809172 0.110422 0.381656
2 0.179188 0.757691 0.263014 0.232366
0 0.748494 0.711152 0.073270 0.129185
2 0.302896 0.709765 0.083413 0.117543
0 0.440048 0.688916 0.033382 0.074050
2 0.364781 0.684228 0.040557 0.055900
2 0.518518 0.678045 0.035690 0.039216
2 0.337161 0.699556 0.049302 0.094597
2 0.660412 0.688428 0.092120 0.071124
3 0.755052 0.745329 0.078079 0.079148
3 0.674580 0.719662 0.067700 0.065916
3 0.439437 0.697629 0.033586 0.062994
3 0.438994 0.705804 0.031376 0.047986
2 0.391058 0.679166 0.044393 0.051157
0 0.677031 0.708236 0.058464 0.085309
0 0.474924 0.680252 0.018622 0.044508
