2 0.848750 0.713488 0.208915 0.142782
2 0.545792 0.677730 0.057965 0.041444
2 0.015544 0.708890 0.030980 0.090675
2 0.619866 0.671455 0.043721 0.032922
2 0.074248 0.689073 0.087555 0.040129
2 0.739765 0.680189 0.065480 0.054943
2 0.248892 0.681794 0.067686 0.042778
2 0.734081 0.684681 0.053513 0.045967
5 0.820795 0.608404 0.221073 0.100998
0 0.960053 0.742940 0.079389 0.216327
9 0.473209 0.481584 0.037715 0.040408
9 0.430405 0.481205 0.036086 0.038285
0 0.961377 0.711487 0.076835 0.154915
2 0.958852 0.807982 0.081820 0.134410
