0 0.729822 0.771837 0.145267 0.288602
0 0.504821 0.760451 0.115538 0.241212
3 0.396152 0.789130 0.068823 0.107195
0 0.403354 0.722300 0.078864 0.150968
3 0.642893 0.759109 0.069846 0.085889
0 0.143046 0.705671 0.034347 0.081981
0 0.012382 0.694628 0.024765 0.112046
3 0.500098 0.799348 0.125529 0.181201
3 0.746632 0.848380 0.184700 0.219643
0 0.640683 0.720465 0.068921 0.140878
3 0.764056 0.867518 0.142830 0.178831
0 0.550720 0.681160 0.046180 0.059581
3 0.875414 0.738203 0.063751 0.072282
0 0.814478 0.750060 0.071830 0.189289
