0 0.732617 0.787041 0.166366 0.357342
0 0.141994 0.758765 0.122145 0.256478
0 0.493085 0.781231 0.174480 0.330843
0 0.353478 0.755864 0.128875 0.244055
0 0.613849 0.741383 0.101834 0.253181
2 0.230120 0.693350 0.165197 0.082860
2 0.018347 0.697289 0.036687 0.071482
0 0.928107 0.764094 0.142473 0.262339
2 0.047967 0.694965 0.059407 0.042929
3 0.502219 0.849619 0.156866 0.218267
3 0.789985 0.874509 0.173521 0.241823
0 0.409597 0.675763 0.036863 0.052897
3 0.127724 0.815013 0.151098 0.187405
0 0.522854 0.682984 0.083083 0.136491
0 0.824583 0.707562 0.061885 0.114517
0 0.874902 0.729799 0.051389 0.074777
3 0.348571 0.809521 0.121536 0.205554
3 0.622340 0.830059 0.086391 0.159470
2 0.553038 0.674406 0.051767 0.053601
2 0.040692 0.688328 0.075236 0.058838
3 0.109240 0.829212 0.113485 0.157738
0 0.975845 0.933691 0.047790 0.132134
3 0.499898 0.870520 0.107126 0.166531
3 0.411589 0.727213 0.040493 0.060677
3 0.340325 0.840893 0.102091 0.144078
