2 0.790031 0.753436 0.170571 0.193183
2 0.513239 0.741563 0.185838 0.162696
2 0.370701 0.710677 0.073149 0.076902
2 0.325072 0.724974 0.080876 0.108899
2 0.157652 0.730171 0.314520 0.222052
7 0.933231 0.747723 0.132879 0.428670
2 0.640367 0.693737 0.066984 0.077505
2 0.734346 0.708345 0.162161 0.146593
2 0.011480 0.833214 0.022858 0.183987
2 0.405485 0.702219 0.052585 0.057146
2 0.933416 0.750424 0.132304 0.428343
2 0.649646 0.712976 0.036356 0.078034
2 0.645411 0.705232 0.054508 0.075053
2 0.375365 0.721979 0.054523 0.055124
