2 0.264953 0.747538 0.287558 0.221338
2 0.417240 0.713326 0.096716 0.102340
2 0.552798 0.690455 0.055769 0.050280
2 0.475163 0.694193 0.069006 0.067326
2 0.973694 0.710267 0.052612 0.043415
2 0.703870 0.706834 0.104467 0.064740
2 0.507996 0.682583 0.030496 0.030081
2 0.784514 0.704075 0.057428 0.047249
0 0.831376 0.700888 0.038628 0.076367
3 0.900195 0.732651 0.053817 0.048177
2 0.589945 0.689185 0.031848 0.025238
0 0.873544 0.699869 0.023683 0.061943
0 0.883001 0.699133 0.039174 0.067486
0 0.824124 0.698704 0.025843 0.068798
