2 0.140363 0.731671 0.180298 0.161615
2 0.054857 0.771350 0.109385 0.179607
2 0.283351 0.701705 0.121546 0.092941
2 0.740250 0.705385 0.095123 0.068649
2 0.866599 0.712999 0.201991 0.128288
2 0.509897 0.676214 0.038195 0.033049
2 0.975165 0.755400 0.048704 0.176403
2 0.358889 0.698981 0.039467 0.049372
2 0.676745 0.683161 0.065995 0.054028
2 0.586848 0.682273 0.059425 0.065243
2 0.401855 0.685963 0.048514 0.037829
2 0.417792 0.684107 0.028119 0.038261
7 0.587418 0.682600 0.058122 0.065830
2 0.422859 0.681193 0.036371 0.037618
