0 0.494025 0.780414 0.173016 0.334108
0 0.172806 0.801548 0.274239 0.396905
0 0.739669 0.786616 0.167839 0.363066
0 0.351570 0.755392 0.128493 0.239673
0 0.613122 0.740657 0.105327 0.252082
0 0.925283 0.776181 0.147492 0.289936
0 0.030530 0.753054 0.061060 0.223782
3 0.157085 0.907404 0.202098 0.184518
3 0.758830 0.873419 0.189128 0.239828
3 0.622363 0.830788 0.086278 0.159902
0 0.823941 0.705066 0.060269 0.117574
3 0.769332 0.888785 0.129283 0.209080
3 0.499788 0.855090 0.148073 0.210490
3 0.496569 0.872586 0.110395 0.167669
3 0.342395 0.805494 0.117071 0.222571
