2 0.698943 0.713908 0.150233 0.108119
2 0.087882 0.705409 0.105226 0.062818
2 0.532036 0.689252 0.071488 0.057164
2 0.473738 0.680282 0.041000 0.028439
2 0.623658 0.696143 0.038136 0.059028
2 0.312697 0.681895 0.043211 0.027018
2 0.988393 0.750670 0.022643 0.100519
2 0.259199 0.689243 0.036465 0.027019
0 0.894415 0.693332 0.043886 0.083178
9 0.297390 0.514847 0.031752 0.030909
2 0.368123 0.675762 0.027723 0.014850
9 0.330725 0.523281 0.026139 0.031291
2 0.597833 0.683794 0.033110 0.043965
0 0.853171 0.676856 0.016494 0.056598
0 0.826952 0.675200 0.017006 0.052547
0 0.869387 0.678615 0.018802 0.058679
