2 0.908570 0.736080 0.182217 0.128181
2 0.061178 0.804558 0.122356 0.276241
2 0.462407 0.725936 0.142324 0.118793
2 0.160542 0.758127 0.248413 0.189409
2 0.674636 0.715581 0.133667 0.101369
2 0.605830 0.692785 0.056747 0.053828
2 0.272563 0.728400 0.100750 0.114973
2 0.749409 0.705078 0.052246 0.064874
2 0.356256 0.692022 0.033100 0.049842
2 0.574846 0.686490 0.032540 0.034126
7 0.290577 0.693319 0.115872 0.120728
2 0.549860 0.679000 0.028365 0.028875
7 0.504734 0.681088 0.067735 0.065391
2 0.291276 0.692710 0.115031 0.118911
2 0.377601 0.685284 0.036471 0.038572
