2 0.238673 0.748074 0.349632 0.178512
3 0.728200 0.755177 0.137362 0.119297
3 0.918125 0.777248 0.162565 0.153174
0 0.441081 0.701821 0.068755 0.106355
3 0.535907 0.724532 0.063060 0.065818
0 0.535524 0.703995 0.052754 0.095738
0 0.932649 0.726333 0.075721 0.161920
0 0.726968 0.710848 0.059736 0.139299
0 0.650092 0.707713 0.037462 0.080627
2 0.683266 0.685736 0.055001 0.070353
3 0.653229 0.719525 0.035009 0.059335
0 0.838442 0.704150 0.047624 0.107583
0 0.839413 0.677292 0.042694 0.053009
3 0.434218 0.735221 0.081586 0.162209
