2 0.409964 0.770652 0.277268 0.199666
0 0.600492 0.711595 0.038432 0.114244
0 0.268111 0.728891 0.041936 0.129300
2 0.226591 0.723410 0.171727 0.133917
2 0.854753 0.798360 0.290493 0.246524
0 0.176219 0.393571 0.056048 0.150897
0 0.570586 0.708969 0.033857 0.101590
0 0.688857 0.726123 0.044720 0.125955
0 0.743464 0.699205 0.033817 0.100168
5 0.853793 0.656474 0.291819 0.519197
1 0.646060 0.724258 0.054308 0.057029
0 0.901873 0.542841 0.104273 0.092901
0 0.732728 0.724300 0.055287 0.144562
1 0.655669 0.722824 0.048635 0.062170
