2 0.889272 0.767378 0.220962 0.193796
2 0.110223 0.745599 0.134576 0.106523
2 0.029885 0.759996 0.059771 0.139118
2 0.189295 0.727427 0.102294 0.090775
2 0.348401 0.729336 0.107301 0.081599
2 0.713147 0.719470 0.125681 0.113774
0 0.734098 0.766442 0.098296 0.150532
3 0.751519 0.833850 0.100284 0.129434
3 0.743292 0.805691 0.114697 0.186307
2 0.541333 0.724415 0.139440 0.171957
2 0.425162 0.699234 0.050705 0.041089
2 0.624154 0.715362 0.033949 0.067428
7 0.541018 0.724454 0.139379 0.171414
2 0.734132 0.767623 0.099434 0.154128
