2 0.775263 0.684235 0.107048 0.071669
0 0.277521 0.703623 0.037654 0.084219
0 0.685729 0.692110 0.046099 0.078923
0 0.601327 0.691588 0.021655 0.068757
0 0.497953 0.690318 0.049282 0.085725
9 0.441455 0.478198 0.061836 0.018602
1 0.923734 0.694041 0.043270 0.073834
0 0.351519 0.701382 0.023064 0.070538
2 0.710907 0.675399 0.040463 0.039730
2 0.632937 0.679329 0.039156 0.031566
1 0.381757 0.713246 0.076854 0.049611
9 0.301403 0.099944 0.150299 0.062306
1 0.502397 0.714471 0.073634 0.053962
0 0.920350 0.687421 0.040394 0.082065
0 0.563378 0.696968 0.049005 0.078464
0 0.570322 0.696467 0.033010 0.077469
