0 0.734855 0.786455 0.165176 0.367370
0 0.490661 0.783481 0.173227 0.337296
0 0.166947 0.807417 0.267794 0.384945
0 0.615533 0.742733 0.099689 0.257513
0 0.927633 0.775665 0.142869 0.287756
0 0.031569 0.756563 0.063139 0.222419
0 0.530219 0.683881 0.087290 0.147273
0 0.351213 0.753538 0.123585 0.238411
3 0.492946 0.855263 0.169191 0.217247
3 0.789140 0.874255 0.177927 0.241843
3 0.150785 0.895176 0.228760 0.209447
3 0.620837 0.829316 0.086486 0.155850
3 0.340884 0.803140 0.114879 0.225792
2 0.256406 0.685664 0.079038 0.070297
0 0.874349 0.779197 0.064363 0.174530
0 0.824594 0.705878 0.059208 0.114673
