2 0.345302 0.724130 0.103102 0.081038
2 0.503543 0.752997 0.185885 0.166247
5 0.293365 0.641233 0.158489 0.120345
2 0.405047 0.709626 0.057242 0.050236
2 0.800072 0.758937 0.221212 0.185933
2 0.606447 0.695410 0.046777 0.048156
2 0.153152 0.742077 0.306304 0.221711
2 0.709052 0.716672 0.157009 0.135650
7 0.707694 0.716699 0.159443 0.137488
2 0.629984 0.722165 0.039940 0.072410
7 0.152676 0.741289 0.305167 0.222354
7 0.800569 0.760263 0.221184 0.193852
2 0.951613 0.778422 0.095279 0.439046
7 0.951615 0.774731 0.096321 0.444621
