2 0.465868 0.717776 0.148141 0.138727
2 0.659092 0.697484 0.118293 0.078881
2 0.348850 0.698621 0.104605 0.091522
2 0.186448 0.677673 0.089015 0.060842
2 0.849056 0.745578 0.297321 0.207903
2 0.292030 0.664628 0.049341 0.041238
2 0.140209 0.674143 0.044203 0.045896
7 0.550121 0.658290 0.055430 0.064511
2 0.521298 0.670978 0.057658 0.050795
7 0.052317 0.666773 0.102464 0.087467
74 0.194320 0.033001 0.133536 0.066003
2 0.034129 0.679797 0.067230 0.066717
2 0.251506 0.660592 0.041917 0.022801
2 0.255316 0.660908 0.030077 0.017951
39 0.457410 0.032998 0.055667 0.065579
2 0.019421 0.917173 0.038594 0.161018
