2 0.066813 0.799284 0.133536 0.273916
2 0.488642 0.724679 0.157509 0.147699
2 0.773831 0.728333 0.186199 0.121896
2 0.917803 0.802649 0.163856 0.284812
2 0.227172 0.690341 0.078847 0.048122
2 0.653221 0.697046 0.107974 0.087812
2 0.118019 0.694175 0.092057 0.050151
2 0.174659 0.682734 0.041934 0.030881
2 0.050041 0.689532 0.053382 0.031912
2 0.372464 0.686569 0.092348 0.096187
7 0.367019 0.686444 0.101790 0.095562
9 0.462788 0.484964 0.060550 0.018931
0 0.891640 0.685693 0.022810 0.039125
2 0.322953 0.682879 0.028898 0.024107
