0 0.735076 0.784202 0.165045 0.361254
0 0.141225 0.753005 0.123745 0.267259
0 0.493081 0.784982 0.171793 0.339206
0 0.354727 0.761616 0.132143 0.243953
0 0.612989 0.740563 0.105675 0.253066
0 0.928589 0.768455 0.140930 0.266251
3 0.127803 0.824934 0.151428 0.170541
3 0.026834 0.713458 0.053412 0.066187
3 0.497799 0.853864 0.156503 0.208311
3 0.768730 0.887552 0.123056 0.202513
3 0.751033 0.869230 0.177983 0.239569
0 0.874630 0.728128 0.056829 0.077767
3 0.347728 0.818169 0.118811 0.194783
3 0.622324 0.824872 0.088639 0.160660
0 0.461523 0.682877 0.070053 0.138560
3 0.109233 0.829903 0.113779 0.156101
0 0.873983 0.775970 0.063132 0.173460
2 0.848998 0.676083 0.136626 0.059337
3 0.340788 0.842760 0.103716 0.144187
