0 0.494789 0.784644 0.172138 0.328138
0 0.735884 0.784414 0.167528 0.364060
0 0.176897 0.802517 0.250204 0.393486
0 0.353890 0.758505 0.125961 0.241704
0 0.927668 0.773355 0.144128 0.287830
0 0.614344 0.739537 0.104546 0.249352
0 0.029115 0.755238 0.058230 0.219439
3 0.143598 0.881345 0.230927 0.236957
3 0.622742 0.825462 0.090096 0.162275
3 0.768324 0.869240 0.207106 0.242847
3 0.498086 0.883236 0.111023 0.179152
3 0.501970 0.854862 0.143643 0.224154
3 0.342200 0.804381 0.115335 0.224847
0 0.823590 0.698121 0.060153 0.126359
0 0.107361 0.692160 0.091153 0.164143
0 0.464892 0.680882 0.085849 0.137426
0 0.876253 0.730449 0.056388 0.076148
3 0.342046 0.843269 0.101501 0.147693
3 0.899695 0.870369 0.198315 0.258226
0 0.614443 0.691434 0.102417 0.154080
3 0.769140 0.878491 0.125318 0.226580
