2 0.774825 0.684581 0.106453 0.071949
2 0.634073 0.676298 0.040644 0.026858
0 0.855261 0.694118 0.034670 0.079367
0 0.192457 0.700641 0.025749 0.065222
0 0.412404 0.709491 0.048092 0.075492
9 0.440964 0.478206 0.062986 0.017781
2 0.682477 0.680168 0.054720 0.037698
0 0.851582 0.692597 0.025057 0.072529
5 0.169160 0.655188 0.153981 0.067527
2 0.711633 0.676526 0.040290 0.039516
2 0.557400 0.670458 0.029260 0.018744
5 0.168061 0.669802 0.152757 0.094510
2 0.526702 0.671199 0.026153 0.021358
2 0.693082 0.678968 0.074544 0.042780
2 0.607117 0.672628 0.026698 0.026708
