2 0.092475 0.702791 0.184706 0.102471
7 0.939435 0.689374 0.119881 0.306945
2 0.205306 0.693901 0.080831 0.066857
2 0.279991 0.689311 0.073254 0.057475
5 0.939863 0.689258 0.119601 0.305573
2 0.198154 0.694546 0.055622 0.065125
0 0.548389 0.682411 0.022911 0.041556
3 0.639744 0.716425 0.028159 0.039613
3 0.615215 0.698977 0.028004 0.040932
2 0.361310 0.674623 0.047111 0.044838
2 0.189844 0.692768 0.104601 0.069541
2 0.218342 0.692622 0.064930 0.066110
2 0.269714 0.690403 0.055305 0.056397
3 0.547478 0.682927 0.022806 0.040960
0 0.632317 0.691179 0.042981 0.068563
0 0.638583 0.692997 0.031223 0.061399
2 0.156204 0.651258 0.058004 0.024981
3 0.619392 0.694872 0.035163 0.052055
