0 0.494182 0.781619 0.169112 0.332001
0 0.737777 0.784844 0.171118 0.365976
0 0.169744 0.801945 0.264420 0.394682
0 0.351301 0.753964 0.124332 0.239136
0 0.614901 0.738323 0.102927 0.246443
0 0.928199 0.775965 0.143068 0.292209
0 0.109686 0.703678 0.091411 0.193028
0 0.029925 0.757349 0.059850 0.216643
3 0.508049 0.856923 0.146812 0.219193
3 0.621696 0.829596 0.085946 0.159499
3 0.765872 0.871149 0.209743 0.244053
3 0.499135 0.883365 0.117170 0.176061
0 0.876635 0.778852 0.057992 0.172089
3 0.155130 0.889191 0.232701 0.221338
0 0.412604 0.076302 0.049849 0.060769
0 0.876754 0.731955 0.057001 0.078563
3 0.341992 0.844560 0.102765 0.144479
0 0.822731 0.700596 0.053715 0.123633
