2 0.936125 0.737271 0.127021 0.228883
2 0.230486 0.745380 0.258747 0.195560
2 0.020815 0.741783 0.041442 0.164446
2 0.085358 0.724090 0.160084 0.143882
2 0.751968 0.716302 0.087274 0.107689
3 0.684496 0.788301 0.072862 0.082549
0 0.531420 0.703937 0.049376 0.089584
2 0.834459 0.748865 0.174055 0.144472
2 0.974487 0.854105 0.050556 0.290596
3 0.535395 0.736308 0.046391 0.062661
7 0.545492 0.691542 0.104288 0.114854
0 0.645755 0.715511 0.044884 0.122790
2 0.857285 0.677270 0.155738 0.062208
0 0.681754 0.716377 0.073498 0.132417
