3 0.781961 0.733558 0.057071 0.064387
2 0.235353 0.705630 0.107361 0.075085
0 0.775625 0.708167 0.046315 0.102143
2 0.352573 0.688403 0.040404 0.045219
2 0.045567 0.723417 0.091133 0.091884
7 0.045566 0.723534 0.090843 0.091904
2 0.305510 0.691807 0.047709 0.035449
2 0.140829 0.700047 0.043783 0.035480
0 0.779262 0.697304 0.052699 0.078372
0 0.576136 0.679837 0.016377 0.040111
0 0.607293 0.680176 0.017527 0.039173
2 0.125981 0.701165 0.073976 0.036193
2 0.109024 0.703782 0.044366 0.032386
0 0.991437 0.708767 0.016467 0.072709
0 0.573941 0.682129 0.016379 0.035118
