0 0.736699 0.782536 0.161710 0.356804
0 0.494761 0.781873 0.171015 0.329381
0 0.927681 0.752423 0.140829 0.239106
0 0.612868 0.737949 0.104553 0.248824
0 0.356536 0.748151 0.118488 0.233498
0 0.819201 0.700541 0.047385 0.131142
3 0.622070 0.828486 0.087215 0.157167
3 0.354968 0.802689 0.119041 0.211016
3 0.498738 0.860351 0.158330 0.219992
3 0.774738 0.885916 0.141238 0.201692
3 0.756904 0.869338 0.185928 0.233274
0 0.463665 0.683460 0.085493 0.144707
0 0.612700 0.692180 0.103471 0.157607
0 0.974826 0.933550 0.049872 0.132427
