0 0.123873 0.793218 0.247746 0.412941
0 0.493961 0.778620 0.176099 0.341027
0 0.733863 0.786626 0.169843 0.358343
3 0.347694 0.806084 0.128668 0.219110
0 0.925586 0.774153 0.146579 0.287893
0 0.353371 0.752722 0.129592 0.239298
0 0.617461 0.739365 0.096061 0.250554
3 0.127200 0.900206 0.254401 0.198714
0 0.410726 0.677720 0.038702 0.055543
3 0.501678 0.850310 0.155474 0.220133
3 0.767185 0.870937 0.209086 0.241597
3 0.622673 0.829578 0.086548 0.159760
3 0.128367 0.934130 0.256232 0.130867
3 0.769985 0.884127 0.127071 0.216299
