2 0.111087 0.731675 0.173722 0.129034
2 0.052744 0.854169 0.105237 0.290154
2 0.404927 0.684302 0.074602 0.058053
2 0.308137 0.708017 0.133188 0.116573
0 0.683450 0.715063 0.055489 0.155893
0 0.736690 0.712976 0.040697 0.169815
2 0.635039 0.689489 0.080867 0.068909
2 0.520755 0.684201 0.070167 0.055397
2 0.208045 0.700565 0.073686 0.072193
0 0.862696 0.704633 0.042723 0.136689
0 0.907662 0.685009 0.034752 0.136375
0 0.932931 0.691998 0.043700 0.140975
0 0.968640 0.690190 0.051914 0.134870
2 0.574663 0.674068 0.044159 0.040626
9 0.756328 0.360466 0.058558 0.187823
9 0.757230 0.383997 0.052565 0.135628
0 0.865689 0.712366 0.034075 0.119321
