0 0.736631 0.784300 0.160955 0.358923
0 0.492200 0.779684 0.169967 0.333392
0 0.928782 0.755007 0.140571 0.242321
0 0.050497 0.715130 0.081356 0.147743
0 0.610933 0.739662 0.113976 0.254547
0 0.350537 0.765216 0.134357 0.262606
3 0.352375 0.798892 0.136291 0.218429
0 0.084287 0.686465 0.036253 0.101088
3 0.623212 0.821440 0.088719 0.166754
3 0.751869 0.857488 0.185151 0.244962
3 0.508795 0.855778 0.149097 0.229226
1 0.069485 0.740245 0.131699 0.077209
0 0.294792 0.679940 0.034194 0.059780
0 0.610338 0.694857 0.110619 0.164088
3 0.271208 0.735834 0.054633 0.054342
0 0.413722 0.075892 0.051549 0.061022
0 0.080699 0.693194 0.047215 0.110778
3 0.767590 0.883882 0.128211 0.197100
3 0.500157 0.877381 0.118695 0.183985
1 0.169819 0.689925 0.044478 0.046142
1 0.091243 0.736855 0.087612 0.069164
