0 0.493794 0.781074 0.177177 0.336331
0 0.733897 0.787981 0.167956 0.359278
2 0.042035 0.704929 0.083697 0.079272
0 0.348773 0.755947 0.127820 0.243726
0 0.928510 0.761759 0.136845 0.266571
0 0.113863 0.753768 0.159411 0.288464
0 0.612392 0.745341 0.106531 0.261470
3 0.129785 0.866857 0.191462 0.242713
2 0.189292 0.694633 0.056956 0.042401
3 0.772960 0.874153 0.207834 0.241359
3 0.499946 0.849688 0.159968 0.214202
3 0.412002 0.726128 0.041988 0.063499
0 0.822731 0.704364 0.059119 0.117497
3 0.621835 0.829450 0.084223 0.154476
3 0.347844 0.807265 0.121681 0.208898
3 0.497676 0.870221 0.107400 0.165463
0 0.975755 0.934849 0.047954 0.129827
