0 0.735730 0.789233 0.165129 0.360248
0 0.141545 0.766248 0.121452 0.242471
0 0.492969 0.782093 0.172681 0.328844
0 0.349981 0.763969 0.131963 0.257985
0 0.612894 0.739976 0.102520 0.256157
0 0.928828 0.763922 0.140491 0.256233
3 0.253603 0.732924 0.089287 0.072083
2 0.017034 0.694604 0.034067 0.073976
2 0.016317 0.705345 0.032382 0.054885
0 0.830319 0.715350 0.057126 0.161869
3 0.622063 0.828401 0.086220 0.155879
0 0.466113 0.685568 0.083913 0.139809
3 0.755236 0.873071 0.187922 0.239947
0 0.267384 0.699668 0.054155 0.098925
2 0.043285 0.693168 0.077230 0.055441
3 0.127530 0.827435 0.151057 0.165552
3 0.496328 0.870960 0.107971 0.169901
3 0.499134 0.853461 0.149354 0.212358
3 0.770673 0.890599 0.129116 0.208361
3 0.348858 0.820856 0.122267 0.185246
0 0.830632 0.718330 0.034924 0.165344
0 0.975631 0.935462 0.048215 0.128603
2 0.030950 0.692965 0.061704 0.073186
