0 0.494078 0.779879 0.172066 0.343269
0 0.735648 0.785331 0.166551 0.363527
0 0.184291 0.804850 0.233436 0.389280
0 0.615652 0.737558 0.100380 0.245471
0 0.926746 0.773003 0.144821 0.288911
0 0.351451 0.750254 0.128762 0.231900
0 0.031884 0.756384 0.063767 0.218071
0 0.412937 0.076444 0.051342 0.061303
0 0.114461 0.694384 0.079133 0.153757
3 0.501498 0.854065 0.150700 0.213413
3 0.622467 0.827277 0.088192 0.154360
3 0.764916 0.871579 0.202733 0.238536
3 0.157131 0.898392 0.229375 0.202509
3 0.350335 0.804908 0.132165 0.211397
3 0.495551 0.873281 0.113791 0.168984
0 0.070277 0.688615 0.039620 0.076937
0 0.071180 0.716828 0.040270 0.132797
3 0.770528 0.886990 0.129452 0.210796
