0 0.736842 0.783319 0.165562 0.363940
0 0.492326 0.784272 0.168468 0.331277
0 0.191704 0.803312 0.225908 0.392320
0 0.927335 0.774477 0.144756 0.289104
0 0.615318 0.737101 0.099247 0.247187
0 0.030382 0.755332 0.060764 0.219703
0 0.527799 0.689109 0.081932 0.151941
3 0.621958 0.829210 0.088380 0.153732
3 0.498315 0.852201 0.154495 0.216537
3 0.765462 0.872533 0.201617 0.239138
3 0.148931 0.885405 0.251152 0.228900
3 0.495652 0.871519 0.109692 0.169039
0 0.350136 0.750801 0.120073 0.230451
0 0.822050 0.702128 0.052028 0.121498
24 0.616263 0.711287 0.090731 0.098366
2 0.061979 0.694298 0.076656 0.053281
0 0.876932 0.730744 0.057257 0.077062
3 0.769287 0.884030 0.125401 0.210297
0 0.615300 0.690732 0.097297 0.155043
