0 0.737537 0.785511 0.162641 0.359361
0 0.491660 0.783497 0.176579 0.340398
0 0.140696 0.753650 0.124855 0.264084
2 0.845031 0.681324 0.128759 0.061669
0 0.928155 0.748840 0.142792 0.226117
0 0.358271 0.752939 0.133642 0.240334
0 0.613561 0.744929 0.105849 0.264510
3 0.127849 0.812974 0.151193 0.191845
3 0.275803 0.732991 0.043121 0.069632
0 0.028545 0.688389 0.017568 0.048874
3 0.354572 0.805073 0.129998 0.213256
3 0.505998 0.857973 0.150660 0.226980
3 0.621481 0.826978 0.088892 0.163618
3 0.753093 0.868438 0.181829 0.234795
3 0.771916 0.885873 0.129206 0.202099
0 0.875197 0.773623 0.058148 0.174805
0 0.413430 0.075558 0.050370 0.060799
3 0.110075 0.829006 0.115046 0.157208
0 0.613492 0.687104 0.103261 0.147984
0 0.975521 0.935931 0.048437 0.127642
0 0.874303 0.726931 0.055652 0.079200
