2 0.176256 0.714427 0.157334 0.120273
2 0.302364 0.721398 0.165731 0.131138
2 0.061102 0.811269 0.122112 0.220589
0 0.837182 0.718164 0.044100 0.105789
2 0.403061 0.698553 0.062397 0.070253
0 0.934299 0.705374 0.043324 0.120724
0 0.665549 0.695336 0.023223 0.068979
2 0.586198 0.679995 0.033773 0.025790
2 0.532795 0.687981 0.054282 0.039614
9 0.710428 0.495609 0.035459 0.072323
7 0.445517 0.681980 0.052984 0.057281
2 0.445220 0.681292 0.052594 0.058584
0 0.060190 0.700302 0.024510 0.057725
0 0.684919 0.694291 0.023432 0.067353
0 0.688952 0.690860 0.026823 0.067875
0 0.628112 0.680458 0.013375 0.035488
