0 0.492606 0.778538 0.173348 0.335039
0 0.737266 0.786635 0.171114 0.361995
0 0.172774 0.801916 0.262882 0.396168
0 0.615075 0.739903 0.103709 0.249468
0 0.032543 0.757211 0.065001 0.219222
3 0.622112 0.831169 0.087507 0.158048
3 0.157824 0.903681 0.203505 0.191942
0 0.112693 0.689407 0.080035 0.150363
3 0.769341 0.868786 0.214843 0.242057
0 0.351424 0.757815 0.122710 0.248782
0 0.926249 0.769380 0.147023 0.280348
0 0.824359 0.703709 0.060301 0.117847
0 0.615143 0.699998 0.102499 0.168572
3 0.899714 0.864275 0.199139 0.270055
3 0.496947 0.872445 0.112497 0.168088
3 0.499841 0.859302 0.147921 0.203923
0 0.876957 0.730057 0.055372 0.075217
0 0.412935 0.076393 0.050963 0.061070
0 0.409136 0.677575 0.039363 0.057275
3 0.349156 0.791133 0.126107 0.242977
3 0.770576 0.881018 0.126522 0.219556
