0 0.430298 0.736982 0.085562 0.153627
2 0.031174 0.866226 0.062158 0.267547
0 0.721087 0.789427 0.107419 0.292349
0 0.523363 0.721398 0.075182 0.116517
5 0.347157 0.682732 0.059948 0.066775
2 0.045771 0.716526 0.068704 0.036500
3 0.730634 0.855485 0.116573 0.197527
3 0.312727 0.753993 0.057787 0.092394
3 0.420094 0.798219 0.063812 0.104082
1 0.798916 0.726735 0.024258 0.044169
0 0.132059 0.712520 0.019234 0.054824
0 0.885275 0.693913 0.025874 0.056069
2 0.037141 0.718408 0.051762 0.033761
3 0.526553 0.773702 0.047743 0.075916
0 0.313873 0.720038 0.060725 0.094823
5 0.390210 0.685603 0.039917 0.050421
2 0.267307 0.707362 0.073495 0.064030
3 0.738289 0.872682 0.095134 0.161423
0 0.552626 0.718640 0.034261 0.107728
3 0.632591 0.755949 0.053066 0.076970
5 0.270529 0.690233 0.187869 0.092190
