2 0.788972 0.753328 0.171860 0.191885
2 0.513260 0.739547 0.185731 0.164732
2 0.324088 0.725390 0.082452 0.108071
2 0.369405 0.709998 0.070819 0.074276
2 0.157582 0.729420 0.313779 0.222527
7 0.932740 0.748207 0.133871 0.427937
2 0.647984 0.714450 0.037746 0.074283
2 0.739728 0.708483 0.164890 0.142533
2 0.640154 0.693691 0.068256 0.077159
2 0.011414 0.831744 0.022757 0.187941
2 0.406838 0.700970 0.049875 0.053195
2 0.648881 0.707881 0.047935 0.070930
2 0.651417 0.720697 0.028890 0.063957
7 0.743666 0.708946 0.173206 0.144765
