2 0.073487 0.734462 0.146307 0.134348
2 0.161370 0.712870 0.113702 0.098337
2 0.795404 0.709308 0.154397 0.116592
2 0.240549 0.704314 0.079114 0.091758
2 0.661433 0.685588 0.080361 0.082072
3 0.955812 0.797510 0.087499 0.179556
0 0.959179 0.686073 0.080847 0.106723
2 0.342572 0.687000 0.037763 0.045425
5 0.554243 0.694613 0.134477 0.155837
2 0.334654 0.686175 0.054603 0.049739
2 0.282863 0.692329 0.060773 0.065548
2 0.877128 0.689406 0.064577 0.073907
2 0.318222 0.689073 0.034753 0.054817
0 0.958487 0.719513 0.082590 0.174126
