0 0.736021 0.784203 0.164188 0.362348
0 0.928739 0.757327 0.140139 0.244795
0 0.354191 0.754059 0.119807 0.244497
0 0.614149 0.736177 0.103559 0.245110
3 0.622164 0.830135 0.085721 0.162062
0 0.816836 0.690590 0.042047 0.113752
0 0.494354 0.779664 0.166954 0.329951
0 0.464669 0.683014 0.079798 0.144604
3 0.502265 0.856342 0.152945 0.226633
3 0.753515 0.866272 0.182136 0.228026
3 0.769296 0.883606 0.129222 0.198659
3 0.351690 0.805409 0.117756 0.206118
3 0.495652 0.878841 0.114717 0.183245
0 0.412804 0.075894 0.048963 0.060933
