0 0.737070 0.785934 0.165698 0.363762
0 0.493276 0.784433 0.173841 0.344011
0 0.928840 0.751360 0.140590 0.233014
0 0.612052 0.740377 0.106726 0.254593
0 0.139832 0.743810 0.090326 0.171241
0 0.359820 0.755447 0.115185 0.242175
3 0.622468 0.830240 0.085522 0.161633
0 0.414053 0.075842 0.051171 0.060644
3 0.496925 0.856461 0.165096 0.228593
0 0.084276 0.707841 0.044438 0.114202
3 0.754762 0.869481 0.185985 0.234553
3 0.350695 0.797465 0.118554 0.229190
0 0.021450 0.693308 0.042833 0.109108
0 0.826707 0.721878 0.060644 0.139870
0 0.075795 0.709391 0.062173 0.122431
3 0.769766 0.886308 0.127099 0.205708
0 0.458972 0.072452 0.046710 0.055888
0 0.021062 0.715638 0.042124 0.155290
