2 0.404980 0.767203 0.273972 0.229575
0 0.976000 0.666972 0.032095 0.088902
2 0.619911 0.681798 0.062256 0.046180
2 0.228928 0.682079 0.086848 0.055540
9 0.690980 0.534200 0.023231 0.080666
0 0.707677 0.686603 0.024178 0.071444
0 0.909793 0.688534 0.030508 0.084446
0 0.162762 0.738077 0.044885 0.103425
0 0.084899 0.744504 0.102688 0.213513
0 0.679939 0.685461 0.022681 0.077203
1 0.911355 0.704803 0.027370 0.053257
0 0.783193 0.697949 0.035057 0.113745
0 0.762703 0.697725 0.022471 0.110023
1 0.706346 0.694315 0.021733 0.060979
0 0.539721 0.687485 0.033966 0.069799
