7 0.447162 0.661843 0.083756 0.112198
0 0.955216 0.733522 0.088765 0.194819
7 0.157966 0.733993 0.315174 0.308011
0 0.828357 0.724394 0.103824 0.204795
2 0.362499 0.680368 0.056456 0.051749
3 0.844953 0.793164 0.125934 0.211472
7 0.535551 0.653169 0.085107 0.115217
2 0.335301 0.702409 0.071482 0.060901
3 0.609470 0.713631 0.035046 0.050599
0 0.696974 0.700620 0.062849 0.094726
3 0.965883 0.793167 0.067338 0.123110
0 0.608966 0.695355 0.037378 0.068859
3 0.657525 0.713624 0.023157 0.043340
3 0.702959 0.742012 0.049312 0.072413
3 0.741551 0.705291 0.041175 0.095124
3 0.565020 0.706197 0.027642 0.035348
3 0.565490 0.698534 0.030602 0.049599
3 0.609178 0.703122 0.038907 0.070697
2 0.395144 0.680922 0.026077 0.033461
2 0.790029 0.955948 0.333208 0.087255
