2 0.685137 0.680238 0.058390 0.037959
2 0.778512 0.685619 0.110133 0.074992
2 0.584041 0.680320 0.049582 0.034052
2 0.152334 0.702532 0.084763 0.052986
0 0.870380 0.694902 0.036479 0.078075
0 0.900986 0.689350 0.030818 0.079283
9 0.285101 0.104235 0.192288 0.071959
2 0.639147 0.677788 0.033824 0.031098
0 0.954105 0.690554 0.026688 0.075561
9 0.443891 0.477561 0.058666 0.018585
2 0.182907 0.695462 0.046151 0.046744
2 0.716271 0.674479 0.034966 0.036186
2 0.517245 0.676482 0.030931 0.025774
9 0.303654 0.099527 0.151285 0.065361
62 0.335754 0.484967 0.066823 0.067955
