0 0.750705 0.707049 0.050371 0.107309
2 0.177313 0.740631 0.205023 0.181989
2 0.889823 0.716642 0.188674 0.120556
2 0.298735 0.701207 0.113334 0.112287
3 0.754492 0.734843 0.046615 0.061816
2 0.507386 0.686533 0.066623 0.064002
2 0.621613 0.694488 0.066012 0.058945
0 0.662014 0.707701 0.054386 0.088656
2 0.682858 0.709583 0.103673 0.083044
3 0.671122 0.731623 0.035133 0.062072
2 0.601293 0.686269 0.061509 0.059541
3 0.661102 0.728284 0.055907 0.068928
2 0.699115 0.709027 0.071330 0.082363
7 0.507554 0.686249 0.068469 0.063666
