0 0.494569 0.781431 0.180446 0.340723
0 0.736870 0.787500 0.171958 0.362245
0 0.922771 0.784472 0.150316 0.308025
2 0.042333 0.704339 0.084353 0.079500
0 0.123153 0.760150 0.179296 0.300850
3 0.621523 0.835539 0.088923 0.161448
0 0.615179 0.739387 0.105375 0.250025
0 0.350853 0.760316 0.133540 0.250561
3 0.345760 0.808176 0.124381 0.221361
9 0.485174 0.076038 0.197403 0.063697
3 0.132869 0.875295 0.192006 0.248000
3 0.498872 0.851100 0.167647 0.240729
2 0.192062 0.694877 0.054023 0.041955
3 0.775780 0.873593 0.149995 0.250472
3 0.925445 0.824877 0.147212 0.237512
3 0.501813 0.883065 0.108388 0.185574
3 0.944875 0.850594 0.108202 0.201980
3 0.108622 0.901356 0.134189 0.195004
0 0.974436 0.932352 0.050258 0.135297
