2 0.244086 0.737739 0.218370 0.151419
2 0.732609 0.710015 0.165405 0.132736
2 0.942359 0.784006 0.114819 0.233435
2 0.509684 0.720521 0.147603 0.137494
2 0.428130 0.691207 0.059851 0.070840
2 0.124154 0.694529 0.065825 0.065719
9 0.686687 0.612424 0.017447 0.041720
0 0.894290 0.703916 0.045290 0.083534
2 0.384334 0.691192 0.032155 0.036071
3 0.911721 0.719179 0.074122 0.057547
7 0.601808 0.687665 0.077237 0.077742
3 0.917859 0.712461 0.085106 0.074134
2 0.336644 0.688569 0.033063 0.037451
0 0.894414 0.690454 0.042706 0.054554
3 0.899230 0.721158 0.049778 0.053044
2 0.145262 0.692527 0.086398 0.064312
