0 0.495044 0.781402 0.177565 0.341115
0 0.735836 0.787439 0.164318 0.362059
0 0.923218 0.785915 0.151168 0.308435
0 0.187228 0.802097 0.240097 0.394199
0 0.350051 0.762026 0.126367 0.252812
3 0.622171 0.834522 0.090081 0.159564
0 0.031954 0.756596 0.063907 0.220376
0 0.617481 0.741615 0.105336 0.254703
0 0.079719 0.792713 0.128998 0.347243
3 0.154976 0.905426 0.193949 0.188424
3 0.344925 0.806872 0.122415 0.224147
3 0.760692 0.876256 0.180671 0.246222
3 0.494383 0.860183 0.159484 0.223692
0 0.114251 0.701926 0.073778 0.174168
9 0.485611 0.076430 0.197545 0.064575
3 0.925089 0.826990 0.148240 0.231166
3 0.944018 0.849679 0.109672 0.200951
3 0.498381 0.882962 0.105171 0.188603
3 0.825484 0.708377 0.061914 0.114478
9 0.503759 0.569222 0.036399 0.017490
9 0.499117 0.570187 0.025858 0.016853
3 0.949758 0.851334 0.100187 0.280248
