2 0.159786 0.747508 0.319232 0.222908
2 0.690106 0.786107 0.423041 0.361919
0 0.346153 0.713412 0.062500 0.145661
2 0.028553 0.881897 0.057107 0.233342
2 0.405139 0.696140 0.061578 0.085563
5 0.847409 0.607862 0.303554 0.378866
0 0.908039 0.776469 0.108468 0.309002
2 0.489014 0.739899 0.065698 0.154858
9 0.486605 0.275252 0.100246 0.040103
2 0.024758 0.677557 0.049306 0.058305
7 0.304677 0.652226 0.157037 0.115708
0 0.986222 0.784230 0.027057 0.239804
2 0.437895 0.678456 0.049837 0.054808
3 0.338403 0.742604 0.048867 0.091718
