0 0.733269 0.783776 0.166604 0.364862
0 0.924800 0.786781 0.147862 0.301996
0 0.614478 0.753609 0.142350 0.284089
0 0.359764 0.762415 0.123063 0.255862
3 0.361518 0.808376 0.128915 0.196357
3 0.776580 0.890477 0.148283 0.217125
3 0.623166 0.829745 0.090994 0.158120
3 0.931108 0.845241 0.137414 0.250558
24 0.964645 0.755418 0.070710 0.111796
2 0.562366 0.688167 0.026851 0.019724
0 0.141076 0.686918 0.016831 0.044081
0 0.123230 0.686804 0.012985 0.043900
9 0.503638 0.568909 0.036352 0.014387
3 0.944645 0.882324 0.109815 0.179695
3 0.359624 0.835394 0.123026 0.142586
