0 0.733522 0.786480 0.175970 0.361795
0 0.496728 0.781272 0.172611 0.327450
0 0.925523 0.783902 0.146683 0.299977
0 0.353336 0.759657 0.120345 0.254456
3 0.620994 0.831609 0.087631 0.157049
3 0.776541 0.890907 0.148166 0.216332
0 0.816568 0.687896 0.043284 0.112184
3 0.352311 0.809272 0.118964 0.202126
0 0.619024 0.741143 0.113624 0.255514
3 0.500072 0.856617 0.163402 0.232210
0 0.462723 0.683648 0.083554 0.146262
3 0.925779 0.827439 0.146690 0.234325
9 0.485080 0.075793 0.199031 0.064820
3 0.960496 0.853092 0.078386 0.284771
9 0.500438 0.569161 0.030473 0.014308
3 0.939506 0.849716 0.120628 0.284866
0 0.120447 0.687867 0.013921 0.040592
