2 0.597801 0.784421 0.303846 0.248274
0 0.821387 0.737131 0.102239 0.182430
9 0.666960 0.364794 0.082149 0.037794
0 0.774698 0.732738 0.051872 0.134564
2 0.879865 0.697816 0.079736 0.056080
2 0.182183 0.688782 0.100365 0.050607
3 0.833731 0.784336 0.079509 0.098877
3 0.985513 0.873541 0.027946 0.117912
0 0.259481 0.683967 0.024222 0.056211
5 0.254702 0.655820 0.202494 0.098677
0 0.443224 0.711088 0.061610 0.094122
2 0.429142 0.689821 0.135113 0.069842
3 0.822864 0.777824 0.101727 0.111587
3 0.449042 0.757392 0.070516 0.099151
0 0.443636 0.733879 0.060546 0.142571
0 0.028869 0.711633 0.057737 0.067529
7 0.427972 0.689252 0.133544 0.071476
1 0.036840 0.775788 0.071139 0.080919
3 0.118396 0.747394 0.083209 0.081985
