2 0.907800 0.744788 0.184400 0.149873
2 0.502395 0.723711 0.163229 0.131812
2 0.585079 0.687576 0.053668 0.051270
2 0.975491 0.893530 0.048429 0.212056
4 0.165283 0.027410 0.328862 0.054819
3 0.737606 0.718659 0.035591 0.046611
5 0.441200 0.661395 0.099547 0.079227
0 0.734739 0.689548 0.040087 0.061040
7 0.442271 0.661560 0.101820 0.081249
2 0.624756 0.680170 0.043988 0.036240
0 0.304528 0.676123 0.011799 0.029982
10 0.250916 0.870344 0.027275 0.043069
0 0.364897 0.675904 0.015942 0.043624
0 0.241916 0.678580 0.010427 0.037385
