0 0.493669 0.782980 0.177448 0.334874
0 0.142814 0.751492 0.122128 0.269091
0 0.734924 0.787891 0.167687 0.360782
0 0.923551 0.787526 0.151287 0.305222
0 0.352110 0.764613 0.128072 0.257797
3 0.621307 0.835386 0.089290 0.160236
0 0.616400 0.741450 0.106467 0.253144
3 0.250911 0.730007 0.090064 0.078724
3 0.775670 0.891341 0.143389 0.216153
2 0.018976 0.691837 0.037925 0.079648
0 0.265531 0.697940 0.048171 0.099075
0 0.832973 0.715859 0.065654 0.161500
3 0.126772 0.813508 0.150697 0.194824
9 0.485277 0.076451 0.198040 0.064208
2 0.047426 0.693976 0.072050 0.053910
3 0.350281 0.805142 0.126249 0.224177
3 0.498034 0.856548 0.158951 0.231835
3 0.498977 0.882696 0.104622 0.187894
9 0.503802 0.568900 0.036280 0.016180
0 0.466133 0.685012 0.079272 0.138541
3 0.108702 0.830603 0.113260 0.158556
9 0.497130 0.570016 0.021883 0.015673
3 0.340330 0.838647 0.107575 0.161143
0 0.832595 0.715529 0.037091 0.158751
2 0.034221 0.691822 0.068053 0.074409
2 0.017270 0.703066 0.034457 0.060395
