0 0.795459 0.737791 0.194509 0.275593
2 0.444353 0.697871 0.132523 0.067151
7 0.113043 0.662343 0.225613 0.160758
24 0.753650 0.686918 0.049207 0.086784
24 0.766764 0.685617 0.077912 0.090604
9 0.898661 0.422572 0.098760 0.155658
0 0.654657 0.702854 0.021779 0.038501
9 0.921127 0.422640 0.051693 0.153556
2 0.972229 0.688266 0.055018 0.124512
0 0.349281 0.695710 0.022752 0.047377
2 0.629573 0.681462 0.029790 0.030897
0 0.266993 0.688203 0.020450 0.064496
0 0.265164 0.684546 0.015900 0.055812
0 0.248429 0.696963 0.018364 0.056284
1 0.349799 0.696012 0.026819 0.046552
