2 0.854451 0.800392 0.290800 0.243398
2 0.410300 0.769365 0.278194 0.198064
0 0.598594 0.712014 0.037671 0.119098
0 0.269700 0.725985 0.046693 0.136674
2 0.240441 0.723185 0.190734 0.130666
0 0.743852 0.699656 0.037183 0.096983
0 0.691484 0.726478 0.044091 0.125764
2 0.210319 0.723002 0.127219 0.127357
5 0.899995 0.559570 0.199248 0.317698
1 0.645775 0.721328 0.056249 0.062099
0 0.174919 0.390419 0.067223 0.145709
0 0.972129 0.147546 0.055218 0.135650
0 0.903711 0.545898 0.097559 0.089651
0 0.566866 0.707548 0.037359 0.105810
0 0.631056 0.703213 0.027585 0.061609
7 0.697687 0.667717 0.126149 0.088234
0 0.775791 0.691030 0.033070 0.067691
