2 0.466863 0.717931 0.149790 0.137027
2 0.657876 0.698140 0.115567 0.077478
2 0.347650 0.699067 0.104753 0.088950
2 0.849608 0.745506 0.295031 0.207093
2 0.186585 0.677382 0.088697 0.060701
2 0.139727 0.674911 0.044399 0.047340
2 0.293155 0.664852 0.050013 0.043120
7 0.052798 0.665177 0.102131 0.087394
9 0.482524 0.036433 0.224535 0.072598
2 0.019428 0.918266 0.038621 0.160787
7 0.550792 0.658367 0.056333 0.065018
5 0.549915 0.658696 0.056040 0.067363
74 0.194978 0.033501 0.133904 0.067002
2 0.034049 0.680890 0.067578 0.070227
2 0.524193 0.669959 0.053835 0.049430
2 0.256013 0.660262 0.027545 0.017952
2 0.249875 0.658484 0.044462 0.021495
2 0.291067 0.670053 0.047562 0.032532
