2 0.093217 0.733157 0.186177 0.165989
2 0.801857 0.695887 0.147522 0.121913
2 0.237264 0.681858 0.071601 0.059119
2 0.706458 0.687643 0.066635 0.061208
2 0.186266 0.682843 0.064289 0.069450
1 0.962567 0.751541 0.074087 0.080433
2 0.401537 0.670020 0.038805 0.029766
7 0.515082 0.663729 0.032751 0.040311
2 0.227723 0.683895 0.050988 0.055706
2 0.712918 0.694271 0.049313 0.050550
2 0.514891 0.663682 0.032807 0.040408
2 0.324776 0.678452 0.033033 0.037473
2 0.584632 0.669849 0.024340 0.024838
2 0.291172 0.680664 0.057564 0.047495
2 0.606830 0.669003 0.038433 0.028363
2 0.483201 0.669864 0.029033 0.016798
2 0.688075 0.686017 0.055639 0.058486
