2 0.309266 0.731578 0.168362 0.125785
0 0.803927 0.730090 0.094894 0.173828
0 0.936739 0.697035 0.020564 0.053348
2 0.013775 0.699094 0.027437 0.043179
0 0.874057 0.695593 0.019737 0.053616
2 0.512489 0.689850 0.053570 0.043700
3 0.815334 0.797048 0.114824 0.165962
0 0.914404 0.689787 0.018126 0.045928
2 0.459061 0.690604 0.028250 0.027475
3 0.661804 0.696022 0.050524 0.038012
2 0.448746 0.698985 0.047810 0.043383
0 0.848868 0.691743 0.016606 0.040359
2 0.451620 0.692530 0.041386 0.029761
3 0.807340 0.810225 0.093813 0.140892
