0 0.496350 0.783846 0.177934 0.331852
0 0.733984 0.785994 0.167942 0.365466
0 0.923584 0.785674 0.150443 0.306294
0 0.169985 0.802377 0.249538 0.393929
0 0.349661 0.758354 0.124440 0.246406
0 0.030737 0.755963 0.061395 0.222132
3 0.622044 0.833597 0.090868 0.161870
0 0.110841 0.692236 0.086167 0.170366
0 0.617003 0.740403 0.103448 0.252974
3 0.498295 0.859440 0.161188 0.226348
0 0.080465 0.792451 0.130346 0.366980
3 0.144767 0.895088 0.209212 0.209142
3 0.775921 0.875561 0.154345 0.247502
3 0.925375 0.826623 0.147402 0.230461
9 0.485180 0.076334 0.197129 0.064550
3 0.339966 0.845078 0.099606 0.151197
3 0.497231 0.885144 0.111599 0.186327
3 0.409317 0.726517 0.034192 0.062821
3 0.975379 0.860538 0.048528 0.271886
3 0.952655 0.848566 0.094401 0.275005
9 0.503634 0.568502 0.036815 0.015766
3 0.339807 0.809404 0.109852 0.224100
