2 0.327656 0.730303 0.141002 0.104867
2 0.644965 0.711720 0.073272 0.049810
2 0.495464 0.704350 0.071725 0.055801
2 0.190416 0.700505 0.041013 0.042796
2 0.224621 0.694105 0.044929 0.039572
2 0.138673 0.705115 0.061989 0.054166
0 0.952948 0.703086 0.026760 0.065967
2 0.256027 0.689432 0.040441 0.037679
0 0.924976 0.700510 0.020791 0.055528
0 0.878541 0.703318 0.018313 0.052925
2 0.586118 0.707007 0.043986 0.021191
2 0.115764 0.706998 0.090202 0.057580
2 0.027585 0.700020 0.054962 0.078875
9 0.352075 0.454630 0.079876 0.024889
0 0.904048 0.698441 0.022479 0.051200
0 0.812427 0.705373 0.017716 0.050095
2 0.550321 0.692381 0.024867 0.029464
0 0.808414 0.703591 0.016623 0.049486
