2 0.597880 0.785755 0.301978 0.243747
0 0.865756 0.750539 0.130757 0.215915
0 0.242862 0.780723 0.160154 0.297396
2 0.771332 0.692230 0.137874 0.055980
9 0.666620 0.364996 0.081637 0.038714
3 0.866358 0.847807 0.088512 0.140157
3 0.219491 0.907832 0.144080 0.183459
2 0.310646 0.700503 0.095906 0.079989
0 0.042411 0.709485 0.079306 0.081732
5 0.250323 0.638194 0.214631 0.059448
3 0.986778 0.876693 0.025482 0.109141
7 0.436269 0.670186 0.049088 0.053661
3 0.125433 0.747477 0.085295 0.078587
2 0.254806 0.699266 0.207132 0.082455
2 0.434932 0.670389 0.052075 0.053434
