3 0.268344 0.852916 0.180011 0.292713
2 0.409524 0.676976 0.045157 0.042619
0 0.274765 0.758132 0.184160 0.277753
2 0.111705 0.681296 0.055983 0.035730
2 0.031631 0.685130 0.062998 0.036469
0 0.821093 0.676472 0.021563 0.049841
3 0.917440 0.781435 0.129855 0.206559
2 0.499700 0.671993 0.063757 0.077253
0 0.580181 0.680013 0.029377 0.067088
2 0.365223 0.683764 0.072037 0.051924
3 0.593594 0.702496 0.056416 0.044246
2 0.455103 0.671308 0.023117 0.023825
2 0.017538 0.685875 0.035076 0.035192
0 0.898549 0.644939 0.045058 0.051103
7 0.500050 0.671967 0.063766 0.076252
