2 0.513673 0.738593 0.186271 0.163378
2 0.325916 0.725958 0.078342 0.105864
2 0.368280 0.709559 0.074736 0.076189
2 0.789718 0.752231 0.170776 0.191829
7 0.932198 0.749422 0.134941 0.427232
2 0.156443 0.730359 0.312827 0.221529
2 0.640359 0.693254 0.062788 0.076783
2 0.011355 0.838616 0.022649 0.177385
2 0.647138 0.714843 0.043028 0.074083
2 0.406473 0.709130 0.050703 0.049857
7 0.739930 0.708590 0.158461 0.144729
5 0.249318 0.608396 0.191827 0.129413
0 0.132651 0.670637 0.050824 0.036086
2 0.736231 0.707161 0.156227 0.145889
2 0.408495 0.701989 0.057664 0.056517
