2 0.138775 0.731481 0.182002 0.161849
2 0.055486 0.765769 0.110692 0.170777
2 0.284390 0.701512 0.121688 0.094030
2 0.866199 0.712786 0.201553 0.128792
2 0.739727 0.705784 0.095006 0.068935
2 0.510208 0.674635 0.039132 0.037788
2 0.975718 0.766102 0.047526 0.159871
2 0.679056 0.683568 0.063477 0.056432
2 0.427211 0.681193 0.042197 0.038079
2 0.417594 0.684165 0.034295 0.039761
2 0.554819 0.676539 0.026880 0.028224
2 0.587210 0.682911 0.059181 0.064894
2 0.638080 0.683975 0.031700 0.040810
2 0.362182 0.699797 0.046036 0.053953
2 0.408824 0.686285 0.040295 0.039874
2 0.433306 0.678723 0.034744 0.034013
2 0.454386 0.673442 0.030549 0.035746
