2 0.639304 0.686699 0.093507 0.067612
2 0.516152 0.679332 0.066532 0.054484
2 0.721333 0.672999 0.077749 0.055900
0 0.776042 0.690691 0.040837 0.085523
0 0.803057 0.679599 0.024181 0.059700
9 0.398611 0.365615 0.096456 0.031785
0 0.959245 0.670970 0.029153 0.069828
2 0.035604 0.648003 0.070942 0.066304
0 0.921184 0.661758 0.020657 0.057004
0 0.891788 0.678026 0.029630 0.067553
0 0.950274 0.670442 0.030494 0.069504
9 0.410546 0.365579 0.071444 0.029291
0 0.867026 0.673028 0.023898 0.059915
0 0.944979 0.669936 0.021422 0.069874
3 0.778119 0.711950 0.034687 0.048999
