2 0.500865 0.720800 0.150784 0.121111
2 0.339245 0.699656 0.107869 0.085154
2 0.149914 0.740423 0.175658 0.156669
0 0.267266 0.724971 0.086923 0.160253
0 0.688877 0.718431 0.083413 0.148513
2 0.593447 0.683556 0.061263 0.054819
2 0.405214 0.690021 0.053223 0.058822
0 0.977058 0.669754 0.023533 0.065536
13 0.944833 0.707540 0.065142 0.038909
3 0.259193 0.808288 0.077625 0.112524
9 0.670406 0.576234 0.016121 0.048455
0 0.775614 0.674441 0.018723 0.044944
3 0.691109 0.768187 0.064390 0.101248
2 0.210873 0.739769 0.298454 0.158845
