0 0.163314 0.802978 0.274793 0.392884
0 0.923294 0.786471 0.151705 0.309593
0 0.736438 0.785557 0.163847 0.365656
0 0.494154 0.787008 0.177118 0.334033
0 0.349001 0.762440 0.124241 0.252368
0 0.029692 0.755223 0.059385 0.219103
3 0.620569 0.834489 0.087451 0.162925
3 0.150826 0.904912 0.196816 0.189296
3 0.775269 0.873946 0.148412 0.249541
3 0.497053 0.857341 0.165034 0.232092
0 0.617583 0.751166 0.098007 0.273430
0 0.538710 0.685535 0.080302 0.147404
3 0.140288 0.875965 0.219160 0.247960
3 0.340282 0.843423 0.100354 0.153564
2 0.066209 0.690156 0.107344 0.077886
3 0.498131 0.884908 0.102949 0.186199
3 0.825048 0.711150 0.062850 0.106588
0 0.977672 0.899730 0.044184 0.198952
9 0.485174 0.076290 0.198071 0.064481
3 0.347531 0.808094 0.117833 0.218529
3 0.405631 0.719206 0.033935 0.075559
0 0.104306 0.811368 0.178439 0.351565
0 0.869547 0.781185 0.072247 0.180284
