0 0.737804 0.782156 0.156307 0.356361
0 0.192212 0.807405 0.225534 0.385190
0 0.427599 0.805713 0.211854 0.388574
0 0.902765 0.773295 0.120133 0.268868
0 0.082186 0.695485 0.070120 0.108056
0 0.515005 0.767453 0.107850 0.296155
3 0.606366 0.806048 0.088040 0.133022
3 0.161796 0.896088 0.211322 0.207119
3 0.760695 0.881682 0.122357 0.227187
3 0.422328 0.919356 0.145151 0.160462
0 0.602859 0.741501 0.101369 0.240468
0 0.689489 0.672781 0.034619 0.052778
0 0.850076 0.724974 0.066111 0.179787
3 0.421907 0.891049 0.195130 0.217035
0 0.603403 0.690087 0.100315 0.135736
0 0.957709 0.851364 0.084162 0.297271
3 0.925688 0.868265 0.142214 0.143018
0 0.285241 0.686412 0.036936 0.066242
3 0.919729 0.826548 0.155830 0.242841
0 0.971784 0.846569 0.055886 0.305312
3 0.073433 0.789316 0.057686 0.114223
