2 0.699384 0.713761 0.149584 0.105971
2 0.532562 0.691850 0.071695 0.052297
2 0.088413 0.705075 0.104560 0.062633
0 0.896914 0.702717 0.048492 0.094863
2 0.258629 0.688965 0.034755 0.027517
2 0.473083 0.680220 0.038107 0.029865
2 0.312691 0.682910 0.044145 0.028096
2 0.987873 0.751132 0.023683 0.099733
0 0.178368 0.697811 0.014241 0.027297
3 0.903843 0.729408 0.056088 0.055241
2 0.622824 0.696653 0.035162 0.054445
0 0.826534 0.675591 0.016379 0.048888
2 0.574452 0.682870 0.023893 0.021285
0 0.856038 0.677937 0.017616 0.053306
0 0.860090 0.678458 0.019316 0.057103
2 0.368466 0.675296 0.028730 0.015887
