0 0.729061 0.774567 0.147361 0.292060
0 0.507749 0.761735 0.111890 0.242357
3 0.399613 0.778868 0.076795 0.128995
0 0.403431 0.720477 0.078563 0.148369
0 0.141944 0.705458 0.029450 0.080870
0 0.012310 0.659808 0.024562 0.181908
3 0.762214 0.871422 0.150128 0.175654
0 0.159627 0.704606 0.024086 0.081032
0 0.011930 0.684559 0.023597 0.133110
3 0.500837 0.806413 0.123457 0.185125
3 0.642598 0.758852 0.070833 0.087708
0 0.816467 0.747621 0.072900 0.187212
0 0.644816 0.715587 0.063928 0.141238
3 0.748689 0.850544 0.186704 0.216707
