7 0.865691 0.670117 0.267395 0.204470
0 0.586281 0.703389 0.053165 0.081001
2 0.265244 0.694011 0.092920 0.067229
9 0.733049 0.152080 0.161245 0.069616
2 0.374773 0.678713 0.036210 0.025619
2 0.714856 0.691333 0.062168 0.061559
2 0.533389 0.674799 0.031472 0.023394
0 0.831964 0.654650 0.038557 0.043591
2 0.293943 0.675981 0.058085 0.059787
2 0.636260 0.682764 0.033277 0.031389
3 0.112711 0.715469 0.098324 0.055594
2 0.668311 0.689046 0.040029 0.040477
0 0.824922 0.655799 0.052280 0.046411
2 0.504752 0.664880 0.025237 0.019730
