2 0.473506 0.699954 0.128056 0.112160
7 0.270067 0.684631 0.139750 0.123973
2 0.076852 0.681396 0.086152 0.047680
1 0.973757 0.717726 0.051978 0.081276
7 0.727919 0.719849 0.310555 0.291032
2 0.406535 0.675379 0.044440 0.039634
2 0.363370 0.683791 0.060076 0.053477
0 0.932649 0.674271 0.035791 0.088537
2 0.545579 0.672856 0.038019 0.026474
0 0.937660 0.675216 0.027432 0.082205
9 0.899525 0.382045 0.044485 0.032204
2 0.181958 0.680794 0.039583 0.026402
5 0.041242 0.664629 0.082268 0.071196
74 0.025649 0.298012 0.043967 0.030178
