2 0.765983 0.707533 0.142620 0.108591
2 0.091299 0.736715 0.168091 0.128528
7 0.199780 0.684389 0.164360 0.143690
2 0.300628 0.702819 0.045318 0.062660
2 0.018880 0.749312 0.037506 0.157266
2 0.952281 0.804426 0.094999 0.205716
2 0.324657 0.696382 0.039585 0.055077
2 0.664102 0.690617 0.072711 0.069586
2 0.691854 0.695123 0.057077 0.081266
2 0.525026 0.678826 0.040889 0.028826
2 0.405358 0.682781 0.052726 0.040326
2 0.587815 0.682582 0.049534 0.025288
1 0.967258 0.719889 0.062482 0.055036
2 0.439475 0.679343 0.027284 0.025650
2 0.577486 0.680905 0.044779 0.022813
2 0.603945 0.683550 0.026169 0.023657
