0 0.733479 0.785570 0.166388 0.365942
0 0.922977 0.786022 0.152184 0.306964
0 0.492579 0.783785 0.178980 0.333477
0 0.167709 0.803846 0.271278 0.391180
0 0.030462 0.757999 0.060924 0.217047
0 0.348567 0.757224 0.124385 0.244993
3 0.620790 0.834039 0.087322 0.161377
0 0.617579 0.740422 0.103795 0.251382
3 0.150677 0.905775 0.198511 0.187565
3 0.774922 0.875948 0.151821 0.245526
3 0.925029 0.826706 0.148192 0.231440
3 0.340590 0.844632 0.104718 0.151324
3 0.491696 0.860410 0.154172 0.227896
2 0.061328 0.694304 0.074102 0.058109
0 0.530175 0.745006 0.089650 0.264399
0 0.531815 0.784887 0.096785 0.351266
3 0.497129 0.885035 0.099933 0.188729
3 0.341828 0.807556 0.115439 0.225483
0 0.528292 0.686922 0.084292 0.150075
0 0.077885 0.811282 0.128834 0.333595
3 0.947054 0.844694 0.105580 0.268457
0 0.977597 0.935827 0.043946 0.128296
3 0.974048 0.855528 0.051248 0.278506
