2 0.084341 0.696430 0.082879 0.049499
2 0.356817 0.716054 0.174403 0.134498
2 0.435820 0.692709 0.041410 0.061020
0 0.861647 0.691804 0.022694 0.078232
2 0.477842 0.679170 0.046087 0.038556
2 0.162558 0.687850 0.063926 0.035583
2 0.270792 0.681984 0.039815 0.035158
2 0.590033 0.698434 0.102358 0.086149
0 0.817452 0.691931 0.023691 0.074268
2 0.507557 0.672958 0.021953 0.017242
7 0.589875 0.698305 0.102689 0.087846
0 0.881406 0.697121 0.022791 0.049924
9 0.436833 0.584298 0.019914 0.018377
2 0.142097 0.692853 0.040736 0.029948
9 0.420853 0.586667 0.012610 0.021146
2 0.138080 0.690160 0.034371 0.031323
