2 0.218253 0.745476 0.287116 0.176138
2 0.055311 0.837367 0.110077 0.294048
2 0.722845 0.726844 0.200167 0.134995
0 0.930194 0.712277 0.071426 0.130442
2 0.407943 0.701249 0.120153 0.101468
2 0.080806 0.689773 0.102080 0.058702
2 0.522243 0.677187 0.067013 0.057460
3 0.868815 0.727184 0.050036 0.059271
7 0.796094 0.661353 0.119673 0.076451
0 0.864507 0.696169 0.049801 0.082651
2 0.022300 0.693363 0.044376 0.070192
2 0.475696 0.672899 0.042781 0.055051
2 0.475403 0.664383 0.040692 0.039908
2 0.567766 0.670929 0.029012 0.026989
3 0.940350 0.759144 0.069051 0.094710
0 0.980686 0.726193 0.037714 0.093266
