2 0.125704 0.755147 0.244603 0.202102
7 0.838455 0.712464 0.255000 0.247915
2 0.265790 0.713305 0.133555 0.118607
2 0.019862 0.810704 0.039723 0.281479
2 0.347116 0.698249 0.077061 0.081135
7 0.723429 0.662001 0.211258 0.180434
5 0.142318 0.629538 0.205452 0.062086
5 0.526201 0.692237 0.098306 0.098211
7 0.978756 0.685726 0.041634 0.294496
2 0.594806 0.683667 0.040422 0.045802
7 0.526214 0.691767 0.098425 0.097953
2 0.428619 0.674093 0.039933 0.050947
2 0.588517 0.675760 0.035920 0.040016
2 0.382231 0.680630 0.065549 0.067486
2 0.525994 0.692133 0.099547 0.096996
