2 0.598260 0.787299 0.303381 0.243588
0 0.074952 0.732860 0.056809 0.143343
2 0.940174 0.703795 0.118643 0.056165
9 0.666582 0.364827 0.081882 0.038396
2 0.773887 0.692595 0.141689 0.056686
9 0.655274 0.365062 0.059584 0.036548
0 0.883965 0.680176 0.014983 0.038602
7 0.437246 0.669947 0.047521 0.054382
3 0.117200 0.769550 0.050255 0.068253
3 0.985543 0.877475 0.027834 0.112175
3 0.079860 0.765199 0.126460 0.086661
2 0.470420 0.668816 0.023273 0.022495
3 0.167811 0.744812 0.082690 0.063944
3 0.986424 0.842541 0.026650 0.181596
