2 0.888342 0.766608 0.222548 0.191667
2 0.349888 0.729931 0.107787 0.081152
2 0.109794 0.746601 0.132855 0.105060
2 0.029900 0.758079 0.059764 0.135062
2 0.188255 0.729419 0.104713 0.093737
0 0.734705 0.757698 0.096204 0.167566
3 0.751121 0.835976 0.099805 0.128130
2 0.714875 0.721417 0.130634 0.115960
2 0.423954 0.698976 0.050781 0.039222
7 0.540049 0.722708 0.137607 0.174384
2 0.540125 0.723537 0.138039 0.171993
2 0.299694 0.716802 0.055942 0.054999
2 0.250231 0.713999 0.061501 0.075958
2 0.620969 0.714545 0.032224 0.066032
2 0.641092 0.718260 0.045740 0.083914
9 0.572318 0.586448 0.019641 0.038037
