2 0.073367 0.734367 0.146402 0.135238
2 0.796977 0.708492 0.154229 0.117170
2 0.162979 0.714040 0.111070 0.100432
0 0.959462 0.690023 0.080345 0.112025
2 0.243726 0.709529 0.066455 0.081958
2 0.344619 0.687767 0.035202 0.044210
2 0.666928 0.685328 0.085697 0.088671
3 0.955766 0.797570 0.087492 0.181096
2 0.318883 0.685723 0.032737 0.060172
7 0.554488 0.693637 0.135632 0.156015
2 0.270601 0.691017 0.086043 0.066780
3 0.706818 0.748727 0.054608 0.082531
2 0.334627 0.684383 0.057215 0.057063
5 0.553560 0.694378 0.135869 0.156330
