2 0.124939 0.745833 0.249878 0.169277
2 0.254521 0.712559 0.134474 0.117606
0 0.625910 0.716533 0.059114 0.123390
2 0.331367 0.703427 0.071656 0.085067
3 0.630554 0.759721 0.052964 0.076657
3 0.586929 0.715382 0.033826 0.051655
2 0.532989 0.696136 0.034158 0.075487
3 0.930552 0.771246 0.067806 0.133081
7 0.460964 0.696032 0.126328 0.152516
2 0.388431 0.690689 0.030301 0.058230
2 0.360477 0.696721 0.054529 0.067960
3 0.585318 0.706447 0.033996 0.065566
0 0.584287 0.695388 0.034443 0.079106
2 0.931342 0.770000 0.068803 0.136346
