2 0.854677 0.801159 0.290119 0.241168
2 0.411228 0.762870 0.276029 0.210334
2 0.533363 0.689511 0.114664 0.056539
2 0.126974 0.735354 0.253783 0.286910
0 0.666975 0.725160 0.032664 0.115958
2 0.271632 0.719860 0.087902 0.123773
25 0.687229 0.655143 0.053858 0.031154
0 0.775422 0.688564 0.028735 0.057415
0 0.691388 0.725569 0.033333 0.102082
0 0.778248 0.683796 0.024052 0.051889
0 0.176758 0.390625 0.062439 0.146858
0 0.972662 0.147355 0.054163 0.135744
0 0.684507 0.724430 0.047421 0.112751
0 0.804067 0.678344 0.025811 0.023072
2 0.402303 0.668099 0.121380 0.031837
