0 0.735298 0.786826 0.168964 0.361504
0 0.923906 0.785748 0.150394 0.306372
0 0.142087 0.752966 0.121860 0.267814
0 0.493421 0.786115 0.175374 0.339093
2 0.237338 0.687798 0.142494 0.068058
0 0.353086 0.761619 0.129709 0.262593
3 0.775351 0.892115 0.143680 0.214429
0 0.618572 0.746320 0.105901 0.266055
3 0.620657 0.834445 0.086640 0.160743
9 0.485432 0.076422 0.197356 0.063812
3 0.348457 0.812043 0.119583 0.213016
3 0.494959 0.853710 0.157953 0.237672
0 0.459875 0.681657 0.085547 0.137156
3 0.125975 0.813877 0.151658 0.194340
0 0.875505 0.776454 0.066475 0.174529
2 0.059815 0.694376 0.066601 0.046182
2 0.030862 0.694590 0.061724 0.044958
3 0.107708 0.829639 0.113231 0.160668
3 0.944039 0.848347 0.109785 0.199907
3 0.500112 0.884864 0.098149 0.185809
2 0.816046 0.670971 0.060621 0.040661
26 0.529933 0.749220 0.082213 0.169589
