2 0.434630 0.671814 0.053208 0.040187
7 0.513193 0.662049 0.045202 0.049625
0 0.842839 0.694110 0.028966 0.074215
2 0.358285 0.679854 0.052634 0.045228
2 0.009849 0.707212 0.019586 0.106546
0 0.077140 0.681442 0.018753 0.060230
2 0.637187 0.677895 0.032129 0.035473
3 0.979401 0.768708 0.040716 0.093696
7 0.287722 0.677093 0.098684 0.061704
2 0.352296 0.679369 0.040898 0.040405
2 0.685622 0.684424 0.068602 0.040804
2 0.290088 0.676891 0.094639 0.061033
2 0.396362 0.675535 0.023444 0.019086
2 0.659663 0.676244 0.075747 0.041156
3 0.967967 0.763792 0.063147 0.092680
0 0.056232 0.675700 0.023879 0.053007
2 0.677215 0.679067 0.069867 0.045570
