2 0.052657 0.850855 0.104934 0.297100
2 0.111109 0.728213 0.174331 0.123764
2 0.404890 0.683642 0.075745 0.057846
2 0.308563 0.707089 0.132907 0.116503
2 0.527517 0.684016 0.085185 0.055905
0 0.684322 0.716173 0.054420 0.157757
0 0.862813 0.704718 0.039911 0.138612
0 0.738045 0.712659 0.039305 0.166185
2 0.206799 0.701853 0.073184 0.070649
2 0.632088 0.690111 0.077341 0.068768
0 0.907129 0.686499 0.035499 0.133702
0 0.933159 0.694650 0.045140 0.135947
0 0.969018 0.692860 0.049008 0.133686
2 0.575695 0.673264 0.042600 0.043168
2 0.649232 0.689466 0.110698 0.068658
9 0.757768 0.384660 0.054331 0.137614
26 0.666642 0.722908 0.039811 0.037191
9 0.756437 0.360359 0.059571 0.188800
0 0.767679 0.728136 0.037586 0.180379
