0 0.494689 0.782731 0.177008 0.337453
0 0.923906 0.785533 0.150453 0.307225
0 0.735347 0.787316 0.161686 0.363010
0 0.168116 0.801365 0.283688 0.395582
0 0.351287 0.758901 0.125272 0.247943
3 0.157215 0.905025 0.197578 0.188970
3 0.621033 0.834388 0.090276 0.161584
0 0.618984 0.742240 0.113397 0.255461
3 0.346417 0.809073 0.120849 0.220787
3 0.776405 0.886836 0.147156 0.225796
9 0.485276 0.076649 0.197796 0.064643
3 0.495333 0.859577 0.155090 0.224948
3 0.498647 0.884076 0.111492 0.186621
0 0.110539 0.701573 0.080568 0.174944
3 0.944633 0.854354 0.108100 0.190789
0 0.031295 0.753326 0.062589 0.227674
0 0.081863 0.795541 0.131744 0.355357
3 0.951783 0.855143 0.096099 0.269781
0 0.974353 0.933726 0.050431 0.132549
3 0.824296 0.711632 0.061667 0.111298
0 0.875683 0.779217 0.064644 0.170882
