2 0.550308 0.722823 0.134523 0.106956
2 0.947594 0.770481 0.103712 0.272190
2 0.736404 0.705453 0.113403 0.086050
5 0.327236 0.677064 0.090756 0.085852
2 0.656651 0.704424 0.062791 0.054060
2 0.084000 0.711813 0.097661 0.050967
0 0.257658 0.693745 0.022192 0.045458
2 0.153048 0.703115 0.051373 0.041028
0 0.883417 0.708545 0.047725 0.094085
2 0.042250 0.715778 0.084393 0.054321
2 0.055646 0.719656 0.088140 0.044835
2 0.066391 0.722843 0.067871 0.038767
2 0.067732 0.714834 0.076066 0.051759
2 0.620236 0.695894 0.028041 0.031930
2 0.029073 0.715701 0.057773 0.053859
