2 0.130954 0.758232 0.261027 0.186299
2 0.249185 0.718569 0.093284 0.074385
2 0.740208 0.697650 0.057888 0.047128
7 0.387536 0.697848 0.098642 0.073714
2 0.529543 0.707288 0.076439 0.042997
9 0.910669 0.574966 0.025479 0.068806
2 0.661955 0.699635 0.065804 0.040132
2 0.571681 0.691656 0.035915 0.034204
56 0.044347 0.119827 0.088683 0.122977
2 0.628282 0.689867 0.053080 0.042732
56 0.689415 0.088947 0.090482 0.120554
9 0.907728 0.631048 0.021616 0.049552
56 0.244494 0.105230 0.099833 0.125556
63 0.287960 0.104684 0.178128 0.125309
