2 0.597913 0.786107 0.303218 0.243230
2 0.935664 0.701003 0.128672 0.059771
0 0.120049 0.730374 0.058440 0.140009
0 0.444907 0.720646 0.062525 0.123593
9 0.667012 0.364807 0.082178 0.038527
0 0.785097 0.725455 0.065182 0.123016
2 0.775028 0.693111 0.127115 0.063517
2 0.033155 0.687130 0.066053 0.037147
3 0.434786 0.767245 0.045500 0.084652
3 0.986488 0.875842 0.025985 0.113097
2 0.744418 0.691837 0.064128 0.052830
3 0.778843 0.765852 0.064838 0.084167
0 0.258939 0.684043 0.019094 0.045573
2 0.762422 0.691639 0.101038 0.053705
3 0.784621 0.775927 0.046306 0.065618
