0 0.735273 0.786861 0.172519 0.362681
0 0.924121 0.783725 0.149371 0.300512
0 0.495146 0.777378 0.172928 0.336487
3 0.353520 0.808237 0.120719 0.205037
0 0.353433 0.757185 0.122096 0.249907
3 0.775951 0.887708 0.146096 0.222353
3 0.621324 0.832621 0.089363 0.157705
0 0.618398 0.742698 0.110759 0.260218
3 0.497660 0.840364 0.170502 0.261951
3 0.925508 0.823490 0.147179 0.241472
9 0.485065 0.075464 0.199139 0.063939
0 0.889628 0.669885 0.038942 0.076230
2 0.088233 0.688085 0.065157 0.038084
3 0.943332 0.844887 0.111498 0.202507
3 0.958998 0.846195 0.081366 0.286428
