0 0.515765 0.797388 0.173112 0.321880
3 0.859867 0.859739 0.278583 0.279652
0 0.326248 0.765583 0.139629 0.254546
3 0.569828 0.904273 0.183142 0.157324
0 0.012433 0.693364 0.024785 0.113454
3 0.169625 0.716948 0.052894 0.056510
3 0.314804 0.834267 0.080335 0.146636
0 0.687643 0.768454 0.093009 0.229253
0 0.876845 0.778244 0.224638 0.291571
0 0.634067 0.688081 0.060332 0.097396
0 0.056080 0.705330 0.028087 0.088952
0 0.077363 0.703773 0.024833 0.090197
0 0.820334 0.680890 0.081051 0.069184
0 0.474327 0.679363 0.063969 0.079901
0 0.768897 0.682043 0.066750 0.070347
0 0.170854 0.694442 0.041723 0.065070
