0 0.162494 0.804518 0.281847 0.390240
0 0.922769 0.785454 0.152103 0.307584
0 0.734583 0.787048 0.163500 0.364742
0 0.493636 0.783161 0.176334 0.335433
3 0.622711 0.833823 0.088799 0.161114
0 0.349313 0.761278 0.136881 0.251460
0 0.115261 0.690210 0.082725 0.151308
3 0.344884 0.808836 0.130416 0.220876
0 0.030835 0.756733 0.061670 0.218862
3 0.154276 0.906809 0.193720 0.185598
0 0.617133 0.739925 0.107219 0.249802
3 0.777780 0.875595 0.153619 0.247630
3 0.496074 0.885940 0.104412 0.187684
3 0.493614 0.860694 0.153585 0.224619
3 0.923268 0.824307 0.151722 0.234766
0 0.070838 0.689862 0.039105 0.078274
0 0.977709 0.934729 0.043706 0.130442
