0 0.733355 0.784877 0.168553 0.359391
0 0.925812 0.780968 0.147897 0.297608
0 0.496571 0.780453 0.174314 0.336870
0 0.048454 0.713467 0.079338 0.150388
0 0.351820 0.761493 0.134248 0.254412
3 0.776411 0.890784 0.145958 0.216130
0 0.083897 0.689030 0.039799 0.105880
0 0.615138 0.747684 0.122891 0.270577
3 0.926296 0.826621 0.145489 0.235858
3 0.352451 0.815208 0.132391 0.196247
3 0.500758 0.854686 0.164612 0.237250
3 0.623231 0.830059 0.089968 0.161987
0 0.292410 0.677079 0.036912 0.072231
1 0.067949 0.746075 0.135093 0.078648
3 0.271783 0.736866 0.052481 0.051822
1 0.098404 0.739817 0.073330 0.062506
26 0.531526 0.743516 0.080779 0.155728
3 0.272827 0.716083 0.055091 0.091905
9 0.484572 0.075618 0.200112 0.064672
3 0.946752 0.845970 0.105849 0.276646
