0 0.787957 0.766329 0.183410 0.343721
0 0.609134 0.752711 0.128129 0.285289
0 0.357553 0.763637 0.123996 0.260511
0 0.933348 0.749389 0.128982 0.240211
3 0.358482 0.806386 0.125856 0.200754
3 0.823323 0.867932 0.249273 0.264136
24 0.960441 0.753112 0.079118 0.113487
3 0.628441 0.831091 0.101114 0.155469
0 0.142439 0.685828 0.016363 0.042700
2 0.561473 0.686312 0.023555 0.021663
2 0.523137 0.673853 0.033345 0.027238
3 0.619273 0.814590 0.117815 0.190327
0 0.125994 0.683904 0.014670 0.047737
2 0.464805 0.677289 0.026764 0.018594
2 0.495187 0.677108 0.026854 0.018716
2 0.412413 0.684996 0.019759 0.019973
3 0.950035 0.891812 0.098993 0.185431
9 0.503555 0.568983 0.035198 0.014091
0 0.157376 0.674845 0.017693 0.046702
9 0.485266 0.075813 0.198454 0.065388
0 0.740623 0.669713 0.017661 0.044442
