2 0.174677 0.742037 0.224833 0.163566
2 0.051041 0.709208 0.102082 0.098538
3 0.947090 0.778663 0.095736 0.167805
0 0.315535 0.688867 0.026116 0.083761
3 0.983673 0.809480 0.031873 0.133275
3 0.924329 0.767955 0.132448 0.177018
3 0.873270 0.745190 0.100390 0.182845
3 0.815357 0.751256 0.092001 0.153413
2 0.007911 0.736156 0.015757 0.093538
0 0.984711 0.668660 0.029818 0.082100
3 0.894448 0.777252 0.074356 0.136098
3 0.983067 0.779043 0.033504 0.189078
3 0.836129 0.740928 0.133488 0.177507
7 0.545134 0.751035 0.457312 0.417142
