2 0.153567 0.703717 0.087778 0.052901
2 0.674842 0.680563 0.040912 0.039844
0 0.814555 0.694238 0.024945 0.082272
0 0.700709 0.694859 0.033284 0.085150
9 0.443921 0.478147 0.056953 0.018889
9 0.298513 0.101777 0.159574 0.063087
0 0.787616 0.696319 0.043890 0.079366
0 0.561569 0.692311 0.024303 0.073009
0 0.747540 0.693208 0.033428 0.081583
0 0.785644 0.695970 0.025537 0.076228
0 0.835084 0.688382 0.023957 0.070498
0 0.642214 0.698339 0.033594 0.060725
2 0.182027 0.695693 0.044257 0.046694
0 0.711688 0.695805 0.056706 0.082549
0 0.600336 0.692471 0.036698 0.070842
0 0.726211 0.696395 0.039122 0.080759
9 0.287886 0.106718 0.199911 0.067483
2 0.062727 0.674810 0.067481 0.016765
0 0.734279 0.697173 0.023909 0.076433
