0 0.494076 0.784381 0.179733 0.338162
0 0.142195 0.752163 0.122853 0.269747
0 0.924137 0.786338 0.149116 0.303780
0 0.734676 0.788504 0.166615 0.359222
2 0.231801 0.693722 0.161580 0.078846
0 0.618188 0.743830 0.108143 0.257607
3 0.621235 0.834880 0.088016 0.160273
0 0.350803 0.761208 0.124200 0.257288
2 0.019690 0.692509 0.039341 0.078300
3 0.775402 0.885432 0.143942 0.227908
3 0.350188 0.808441 0.123223 0.219839
3 0.496469 0.851035 0.168500 0.242034
2 0.049894 0.693319 0.060893 0.042339
9 0.485121 0.076693 0.196950 0.064167
3 0.126668 0.815753 0.149648 0.188754
9 0.503552 0.569207 0.036351 0.016223
3 0.109806 0.830438 0.114938 0.158393
2 0.553047 0.676196 0.050591 0.056140
3 0.413865 0.723921 0.041070 0.067521
9 0.496974 0.570008 0.022026 0.015376
0 0.409764 0.678766 0.038778 0.053579
3 0.501621 0.883212 0.103475 0.185670
3 0.943147 0.845818 0.111324 0.205713
2 0.041568 0.687560 0.076597 0.058697
0 0.974086 0.932491 0.050996 0.135018
2 0.017525 0.703105 0.034835 0.059960
3 0.969567 0.862003 0.060252 0.267240
2 0.845055 0.674163 0.084318 0.043795
3 0.952478 0.858538 0.094685 0.270644
0 0.874786 0.731528 0.051859 0.072642
