2 0.426439 0.796095 0.339193 0.278553
5 0.052646 0.619054 0.104527 0.112716
2 0.160874 0.640615 0.055909 0.045781
0 0.098605 0.651852 0.029581 0.066237
0 0.229674 0.676693 0.054055 0.099167
2 0.273659 0.628282 0.033415 0.029432
2 0.422317 0.632542 0.105693 0.060687
2 0.340836 0.636730 0.044579 0.047182
2 0.349983 0.633305 0.062438 0.055613
3 0.232850 0.688795 0.053495 0.076142
7 0.640826 0.618361 0.056480 0.046012
3 0.097973 0.664537 0.027154 0.043078
2 0.449802 0.634509 0.161521 0.064040
0 0.233911 0.663342 0.054766 0.081876
2 0.683859 0.630167 0.026161 0.021861
2 0.641064 0.618477 0.056782 0.046269
2 0.709926 0.630813 0.036245 0.020198
