0 0.796338 0.756128 0.106581 0.277080
2 0.914982 0.732125 0.168776 0.202749
1 0.812077 0.840141 0.072714 0.156941
2 0.972519 0.805255 0.054549 0.173704
7 0.409342 0.676764 0.057488 0.077667
3 0.592490 0.729066 0.037918 0.054654
3 0.035126 0.762599 0.070253 0.099267
0 0.485527 0.697636 0.024221 0.057254
3 0.102244 0.753642 0.070426 0.084423
0 0.552855 0.699215 0.032418 0.062768
3 0.157359 0.732129 0.073612 0.079345
3 0.557147 0.719142 0.034569 0.044091
3 0.148047 0.724001 0.091279 0.094139
2 0.465125 0.679778 0.025277 0.024321
3 0.022433 0.771634 0.044866 0.085793
3 0.558481 0.706300 0.042494 0.070022
