0 0.141342 0.752836 0.123050 0.268643
0 0.495712 0.782607 0.176660 0.338247
0 0.924548 0.786526 0.148136 0.303820
0 0.733999 0.786612 0.165596 0.362871
9 0.485277 0.076163 0.197958 0.063295
0 0.618101 0.742997 0.107247 0.258231
3 0.343845 0.807764 0.123753 0.221134
0 0.345474 0.759015 0.128293 0.254438
2 0.022291 0.694012 0.044424 0.078136
2 0.058613 0.693012 0.050579 0.041694
3 0.620488 0.834523 0.088975 0.162584
3 0.776195 0.876636 0.148859 0.244446
3 0.497685 0.845256 0.171113 0.254018
3 0.126922 0.809835 0.152461 0.201668
0 0.240762 0.687447 0.018331 0.040190
3 0.108518 0.830146 0.113524 0.159776
3 0.925121 0.831566 0.147887 0.223514
3 0.944827 0.848245 0.108675 0.200701
3 0.409577 0.726550 0.035845 0.061282
26 0.512204 0.736629 0.098922 0.139376
3 0.950973 0.853363 0.097676 0.277178
0 0.875190 0.731023 0.049678 0.070446
3 0.965826 0.857878 0.067719 0.273880
3 0.020435 0.704831 0.040673 0.056114
