2 0.487440 0.745703 0.280125 0.161376
2 0.663457 0.727641 0.156422 0.112459
2 0.160757 0.721321 0.140137 0.110462
2 0.363995 0.698110 0.082323 0.051800
2 0.290448 0.688779 0.062364 0.046600
2 0.078342 0.683129 0.040675 0.031565
3 0.975033 0.743651 0.048977 0.103792
3 0.926604 0.736625 0.070583 0.093941
2 0.262487 0.685790 0.048351 0.041571
9 0.299310 0.499615 0.039076 0.107849
3 0.945801 0.736477 0.107827 0.108986
2 0.021448 0.690008 0.042197 0.027931
3 0.879503 0.722437 0.079669 0.078136
2 0.253679 0.682222 0.069081 0.046766
2 0.256923 0.690926 0.035597 0.032170
