2 0.323729 0.711484 0.150432 0.114623
2 0.198806 0.678346 0.040858 0.024388
2 0.386119 0.678379 0.046650 0.055930
2 0.534283 0.674541 0.064037 0.052592
2 0.134232 0.683559 0.032037 0.018825
2 0.425517 0.674585 0.035048 0.024390
2 0.094677 0.683812 0.052554 0.024661
2 0.013807 0.682852 0.027314 0.052930
7 0.481175 0.663348 0.041410 0.046916
0 0.834984 0.673814 0.017620 0.041801
2 0.157672 0.680707 0.025002 0.021922
2 0.228526 0.674015 0.024498 0.021345
0 0.781667 0.672287 0.014387 0.042879
2 0.970877 0.683239 0.057212 0.196963
2 0.104951 0.683593 0.032130 0.023828
2 0.970924 0.712969 0.057573 0.137906
7 0.534390 0.673930 0.063947 0.054473
