2 0.426644 0.797591 0.338391 0.280488
2 0.037861 0.715946 0.075515 0.121633
2 0.301713 0.655482 0.086444 0.080194
2 0.225293 0.647364 0.074343 0.048243
2 0.727398 0.660422 0.066302 0.045043
2 0.151609 0.632576 0.044632 0.033048
2 0.786669 0.647997 0.049971 0.051646
2 0.197488 0.633714 0.070591 0.044143
2 0.058122 0.652123 0.114863 0.069881
2 0.645864 0.619385 0.048965 0.045542
9 0.021046 0.585603 0.012347 0.025476
2 0.708392 0.632752 0.036165 0.019088
2 0.120639 0.620632 0.040453 0.021983
2 0.118149 0.623833 0.039080 0.026830
2 0.357311 0.625253 0.034144 0.032409
2 0.683017 0.630842 0.023739 0.021633
2 0.449271 0.633617 0.154892 0.063066
