2 0.507093 0.759575 0.259748 0.229545
2 0.793539 0.751504 0.166384 0.200714
5 0.248945 0.607635 0.189975 0.132127
2 0.011552 0.839982 0.023054 0.172783
7 0.932951 0.750039 0.133493 0.424867
2 0.735665 0.707438 0.160325 0.143590
2 0.155464 0.728820 0.308989 0.219757
2 0.099382 0.731297 0.198764 0.225781
0 0.387663 0.708559 0.047421 0.122772
2 0.327127 0.724184 0.085317 0.105482
2 0.645540 0.703207 0.058936 0.092166
2 0.228255 0.726431 0.168565 0.216011
0 0.389384 0.667457 0.043265 0.039810
2 0.644128 0.687900 0.060782 0.064308
