0 0.734586 0.786942 0.173329 0.363006
0 0.503195 0.780212 0.189861 0.329592
0 0.923851 0.786994 0.149386 0.303908
0 0.356067 0.761328 0.120487 0.254403
3 0.622084 0.832212 0.086768 0.157326
0 0.825043 0.696386 0.048023 0.128430
3 0.356237 0.810666 0.120545 0.195571
3 0.777567 0.891121 0.148405 0.216097
3 0.938159 0.854502 0.123302 0.229560
0 0.615126 0.765039 0.106562 0.306427
24 0.963420 0.758471 0.073161 0.106202
0 0.471426 0.682182 0.093449 0.144953
3 0.507265 0.857051 0.172059 0.227493
9 0.485604 0.075406 0.198716 0.064809
3 0.499978 0.881846 0.109173 0.186905
3 0.943199 0.881513 0.112640 0.177851
2 0.083080 0.689744 0.039331 0.033763
0 0.131449 0.687128 0.014357 0.042336
