0 0.494654 0.780986 0.175670 0.341933
0 0.206545 0.800101 0.224411 0.399798
0 0.924017 0.784401 0.151362 0.308375
0 0.737834 0.785597 0.169691 0.358733
2 0.022463 0.694429 0.044786 0.077427
0 0.349550 0.758435 0.126211 0.248554
3 0.620841 0.835173 0.089414 0.162132
0 0.616068 0.742950 0.108348 0.255769
9 0.485584 0.076644 0.197705 0.064738
0 0.116500 0.691681 0.077771 0.146529
3 0.496829 0.858449 0.165842 0.229506
3 0.763662 0.873621 0.172418 0.250531
0 0.086218 0.792277 0.136914 0.333061
3 0.343721 0.806087 0.130046 0.222144
3 0.156690 0.901573 0.203272 0.195883
0 0.815774 0.681480 0.046494 0.062495
3 0.944165 0.847961 0.109416 0.205190
3 0.926010 0.824049 0.146402 0.240443
3 0.143655 0.873647 0.222668 0.251981
0 0.974361 0.932758 0.050381 0.134484
3 0.969469 0.853379 0.060372 0.277849
3 0.502165 0.884485 0.106686 0.186592
