0 0.166781 0.800963 0.272007 0.396981
0 0.737423 0.785499 0.165307 0.365668
0 0.924325 0.785494 0.149044 0.307349
0 0.493058 0.784470 0.175468 0.334496
3 0.620648 0.834811 0.086656 0.160767
0 0.030525 0.748421 0.061050 0.238895
0 0.351925 0.759369 0.127892 0.250049
0 0.621417 0.753501 0.097726 0.278952
7 0.078446 0.640052 0.156892 0.126033
3 0.775745 0.885567 0.145101 0.228174
3 0.146400 0.896842 0.211557 0.205642
3 0.349833 0.804693 0.124289 0.224461
3 0.498549 0.885027 0.101613 0.185210
0 0.545114 0.748512 0.081395 0.268903
0 0.545087 0.691315 0.080915 0.154531
3 0.490351 0.861569 0.150426 0.224440
3 0.414000 0.727941 0.043076 0.060698
0 0.107411 0.696494 0.080002 0.162861
3 0.925791 0.829384 0.146655 0.223961
3 0.948937 0.847931 0.101771 0.250641
9 0.484953 0.075981 0.198540 0.064165
0 0.111578 0.678660 0.068701 0.113680
0 0.874251 0.781812 0.066057 0.180163
9 0.495265 0.569764 0.019066 0.016184
0 0.977254 0.933846 0.044595 0.132307
