2 0.856604 0.782809 0.286098 0.245975
2 0.600230 0.711305 0.049382 0.060754
2 0.499269 0.743596 0.157212 0.142071
5 0.374234 0.650144 0.133436 0.104277
2 0.199192 0.720945 0.032347 0.070860
2 0.115460 0.726064 0.090806 0.060079
2 0.396230 0.714278 0.055303 0.053342
2 0.686561 0.718723 0.146389 0.131892
5 0.022837 0.615241 0.045674 0.349746
2 0.290642 0.721074 0.169606 0.139862
9 0.798514 0.610830 0.019476 0.047812
7 0.685843 0.717183 0.144003 0.128842
7 0.290876 0.720792 0.169833 0.136122
2 0.075836 0.709875 0.032120 0.028478
