0 0.670255 0.768784 0.139667 0.246351
0 0.051296 0.702993 0.033761 0.075392
0 0.893521 0.773566 0.150202 0.229038
0 0.222360 0.703199 0.022731 0.079445
0 0.201195 0.704652 0.027641 0.081826
3 0.898495 0.854794 0.169244 0.227253
3 0.659756 0.883003 0.117816 0.170257
0 0.019424 0.703742 0.020212 0.074123
0 0.553047 0.702965 0.060408 0.108393
0 0.846834 0.697502 0.054101 0.104731
3 0.987687 0.737145 0.023733 0.099546
3 0.549982 0.745576 0.049213 0.079002
0 0.173287 0.695289 0.022327 0.049788
0 0.516574 0.691455 0.029842 0.062616
0 0.394186 0.692184 0.018840 0.053167
0 0.601630 0.694876 0.055784 0.105469
0 0.178653 0.694768 0.021971 0.050015
0 0.318306 0.701219 0.019155 0.050323
