2 0.507114 0.760062 0.257723 0.230701
2 0.324922 0.726307 0.079548 0.106095
2 0.793697 0.752437 0.166778 0.199381
2 0.363430 0.709738 0.066426 0.075588
5 0.248278 0.606028 0.190077 0.128101
7 0.933033 0.749537 0.133368 0.424512
2 0.156276 0.728767 0.310821 0.219724
2 0.011782 0.838995 0.023520 0.172697
2 0.735489 0.709007 0.161130 0.146970
2 0.645380 0.703538 0.058910 0.093026
2 0.093990 0.729299 0.187980 0.223446
2 0.222877 0.727081 0.179831 0.216324
2 0.640555 0.693802 0.063157 0.076811
2 0.642159 0.683158 0.062364 0.055064
2 0.012876 0.815036 0.025702 0.227081
