0 0.496553 0.784883 0.179304 0.332463
0 0.736370 0.787681 0.171958 0.362903
0 0.922856 0.785702 0.151951 0.307681
0 0.173484 0.803384 0.254603 0.392113
0 0.351870 0.762524 0.124474 0.255163
3 0.621331 0.832517 0.088501 0.166438
0 0.029865 0.757135 0.059730 0.219316
0 0.616617 0.742261 0.105979 0.254496
3 0.152235 0.907360 0.199875 0.184462
0 0.106673 0.692224 0.090564 0.164910
3 0.350270 0.809478 0.122747 0.217748
3 0.760976 0.875322 0.172434 0.248121
3 0.498970 0.859013 0.163412 0.229368
0 0.079372 0.810771 0.129917 0.325026
9 0.485128 0.076505 0.197502 0.064580
3 0.925164 0.828546 0.147882 0.225981
3 0.499677 0.885641 0.108035 0.188087
0 0.977554 0.938548 0.044044 0.122903
3 0.955423 0.849277 0.088820 0.260476
3 0.975331 0.862238 0.048642 0.267970
