0 0.494724 0.781406 0.173262 0.330019
0 0.734041 0.784458 0.170135 0.356735
0 0.925396 0.781792 0.148582 0.298300
0 0.354115 0.756646 0.119822 0.251376
3 0.620083 0.832163 0.087882 0.159976
0 0.616937 0.740551 0.107152 0.255486
3 0.775659 0.890255 0.145879 0.216740
3 0.355568 0.795280 0.121414 0.228052
0 0.819807 0.698850 0.047978 0.131711
3 0.495242 0.856509 0.161047 0.233057
3 0.927875 0.827607 0.142541 0.231131
0 0.121829 0.685672 0.012539 0.044963
9 0.485168 0.075668 0.199371 0.065179
3 0.952472 0.851360 0.094406 0.276263
0 0.128010 0.686457 0.015121 0.043177
0 0.463349 0.684822 0.085055 0.148200
3 0.943580 0.841030 0.111339 0.219481
9 0.499663 0.569119 0.028251 0.014263
