0 0.933020 0.744614 0.109365 0.207289
2 0.503667 0.687515 0.058311 0.048246
2 0.838709 0.708257 0.119247 0.088833
3 0.940187 0.822076 0.118620 0.162776
2 0.229217 0.688453 0.048591 0.031766
2 0.884235 0.724064 0.083811 0.102017
3 0.597635 0.719407 0.035388 0.049379
2 0.559852 0.685144 0.026499 0.034367
3 0.715105 0.716892 0.042343 0.055961
2 0.925328 0.726406 0.146737 0.129084
2 0.763139 0.694042 0.063015 0.054096
2 0.563446 0.685272 0.034606 0.039532
5 0.367342 0.675866 0.196915 0.145135
0 0.593936 0.689959 0.041447 0.049347
2 0.915869 0.725330 0.146883 0.100595
2 0.541721 0.678687 0.020477 0.033558
