2 0.885532 0.711958 0.175333 0.111771
2 0.648556 0.692588 0.047893 0.031287
0 0.596115 0.707167 0.058522 0.086284
2 0.745728 0.692416 0.063721 0.043594
3 0.725656 0.744517 0.066556 0.063815
2 0.554406 0.684902 0.026419 0.017935
0 0.701626 0.698448 0.034852 0.062914
0 0.701746 0.709846 0.035842 0.087949
3 0.596554 0.736377 0.059101 0.076562
2 0.519736 0.683594 0.027457 0.021858
0 0.884194 0.721238 0.069959 0.110125
3 0.890828 0.751829 0.078361 0.089858
2 0.757780 0.693157 0.039538 0.042594
9 0.398114 0.398448 0.065796 0.024359
9 0.385654 0.399216 0.064985 0.024843
9 0.398920 0.398450 0.094797 0.029121
