2 0.577059 0.704233 0.122072 0.091395
2 0.180096 0.758149 0.264521 0.228648
2 0.055556 0.807874 0.110531 0.384251
3 0.677068 0.719432 0.062401 0.066537
2 0.366179 0.684642 0.040587 0.053955
0 0.749345 0.708793 0.074275 0.123425
2 0.518286 0.678378 0.034739 0.039367
2 0.303755 0.709277 0.083409 0.115778
0 0.440016 0.689017 0.033398 0.069575
0 0.678636 0.695685 0.054567 0.089694
3 0.438832 0.708358 0.031203 0.043726
3 0.755337 0.744526 0.076928 0.077692
2 0.337285 0.698194 0.046395 0.093369
2 0.487939 0.669665 0.030841 0.020910
2 0.313831 0.697860 0.081059 0.092261
0 0.958739 0.667038 0.020900 0.056994
3 0.438920 0.694102 0.033533 0.069968
