2 0.182519 0.735467 0.193984 0.060789
2 0.677688 0.703543 0.167796 0.077637
2 0.488046 0.719338 0.195341 0.068860
2 0.025889 0.747719 0.051478 0.041831
2 0.378551 0.717821 0.055037 0.037517
2 0.843700 0.696802 0.260365 0.087477
2 0.265776 0.720960 0.074896 0.049657
9 0.670969 0.632101 0.013786 0.030371
2 0.920691 0.695042 0.098798 0.078373
2 0.339405 0.719363 0.040309 0.034538
2 0.251086 0.721480 0.101381 0.052635
9 0.508373 0.532737 0.015858 0.017774
2 0.975559 0.677155 0.048770 0.042873
9 0.795691 0.620670 0.017532 0.030147
2 0.363070 0.717807 0.087078 0.037361
2 0.976661 0.689251 0.046189 0.065747
