2 0.598118 0.786168 0.304886 0.244245
2 0.283651 0.688521 0.153324 0.075525
2 0.929888 0.699360 0.140223 0.062755
0 0.818919 0.735025 0.102521 0.168536
9 0.666930 0.365120 0.082011 0.038812
3 0.825294 0.785546 0.101615 0.099144
9 0.654235 0.365282 0.056727 0.036781
0 0.445007 0.716820 0.060592 0.111409
0 0.778437 0.733533 0.048273 0.129700
0 0.123279 0.728480 0.059225 0.132554
3 0.985977 0.875512 0.027004 0.112934
2 0.034967 0.688014 0.069580 0.038416
2 0.123669 0.730383 0.165930 0.103693
3 0.840219 0.787966 0.069971 0.095815
3 0.041553 0.755573 0.080779 0.098076
