2 0.235350 0.700650 0.094752 0.079150
0 0.108385 0.711516 0.065040 0.113277
2 0.011566 0.732949 0.023054 0.092144
2 0.047528 0.701493 0.095055 0.096806
3 0.901049 0.757073 0.088514 0.175184
7 0.533989 0.742291 0.402474 0.367405
3 0.107442 0.747265 0.055711 0.071419
3 0.788288 0.740197 0.093469 0.142712
3 0.973945 0.799618 0.051700 0.159610
3 0.965651 0.771797 0.068304 0.195712
3 0.111523 0.736692 0.068080 0.095545
0 0.895228 0.656145 0.027464 0.043276
3 0.870176 0.752908 0.099205 0.149326
3 0.840728 0.744857 0.091284 0.160355
3 0.827989 0.736543 0.090076 0.156151
2 0.071507 0.703637 0.143013 0.091023
3 0.834922 0.763041 0.086416 0.120739
3 0.928284 0.752235 0.141284 0.197282
