2 0.894737 0.778399 0.209878 0.248086
2 0.808064 0.727127 0.194157 0.164068
2 0.696403 0.714977 0.090958 0.118787
2 0.028263 0.745953 0.056469 0.133484
2 0.271223 0.681556 0.093630 0.041185
0 0.177283 0.693472 0.023424 0.065320
2 0.530934 0.724636 0.217197 0.248556
7 0.530772 0.724796 0.216508 0.248456
2 0.312980 0.674908 0.048390 0.032507
0 0.158767 0.699034 0.024913 0.063906
2 0.359027 0.678118 0.034920 0.025938
2 0.222116 0.685857 0.100372 0.050505
0 0.158395 0.692464 0.020725 0.051376
2 0.353002 0.677529 0.046307 0.030386
