2 0.062678 0.738792 0.125277 0.128774
2 0.161223 0.710184 0.125047 0.096041
2 0.750027 0.709706 0.161472 0.112941
2 0.367092 0.688632 0.082855 0.083374
27 0.896088 0.425367 0.017849 0.069079
2 0.675736 0.698641 0.072986 0.103721
2 0.636028 0.688406 0.049566 0.078065
0 0.909977 0.381055 0.113577 0.168882
2 0.289850 0.672982 0.050730 0.044698
7 0.526200 0.693138 0.122445 0.145566
5 0.526142 0.693135 0.123256 0.145682
0 0.595789 0.678641 0.021254 0.047514
3 0.935610 0.805805 0.128780 0.112762
2 0.461632 0.707818 0.021627 0.057389
74 0.659167 0.506449 0.061876 0.060824
3 0.785336 0.742385 0.131018 0.098904
