0 0.734711 0.785779 0.167488 0.361294
0 0.924514 0.787425 0.148585 0.303702
0 0.493977 0.782551 0.178340 0.337808
0 0.141600 0.752538 0.122309 0.268772
0 0.351917 0.764097 0.127767 0.247692
3 0.776778 0.890488 0.145167 0.217888
0 0.614808 0.738484 0.104029 0.248795
3 0.621595 0.833008 0.088607 0.161552
3 0.027052 0.710445 0.053974 0.071664
3 0.349562 0.808590 0.122034 0.217600
26 0.528219 0.745364 0.088359 0.158095
3 0.497886 0.856034 0.157712 0.232530
3 0.127297 0.808988 0.151834 0.204484
9 0.484733 0.075883 0.198114 0.064724
2 0.849657 0.677841 0.137035 0.062994
0 0.876728 0.776346 0.059989 0.173945
3 0.942881 0.850529 0.112586 0.198569
3 0.500886 0.882493 0.098400 0.187355
3 0.108371 0.830574 0.113139 0.159989
9 0.503782 0.569173 0.036212 0.016516
9 0.495536 0.570267 0.018420 0.015528
3 0.924737 0.835039 0.148653 0.215928
3 0.949727 0.859239 0.100134 0.270034
26 0.511343 0.740632 0.073197 0.153003
