0 0.733230 0.787662 0.162961 0.364376
0 0.923937 0.785727 0.150420 0.308224
0 0.490015 0.785474 0.175395 0.339857
0 0.176109 0.803940 0.248601 0.390608
0 0.031804 0.753667 0.063607 0.225594
0 0.615425 0.739325 0.101347 0.252808
0 0.351373 0.759885 0.126003 0.248046
3 0.621756 0.833944 0.085055 0.163587
3 0.154201 0.906145 0.194329 0.186978
3 0.775641 0.886409 0.143771 0.226514
0 0.115071 0.692837 0.086791 0.157582
0 0.530684 0.684330 0.090283 0.150482
2 0.256205 0.688306 0.078837 0.070815
0 0.080730 0.792469 0.133044 0.352931
3 0.344949 0.807191 0.117753 0.221304
3 0.491288 0.858583 0.161693 0.233208
0 0.530714 0.743881 0.090090 0.268237
3 0.494150 0.884719 0.106480 0.187154
9 0.485356 0.076502 0.198496 0.065048
3 0.976429 0.864433 0.046520 0.261199
5 0.296538 0.645630 0.065077 0.038713
3 0.958866 0.854851 0.081937 0.254344
9 0.503550 0.569075 0.036355 0.016932
9 0.497954 0.570195 0.023727 0.016390
0 0.977603 0.933167 0.043896 0.133582
