2 0.555872 0.768206 0.256663 0.217427
2 0.078221 0.677631 0.085389 0.062707
0 0.893587 0.695551 0.046327 0.135717
2 0.430442 0.686338 0.065205 0.055645
2 0.668609 0.696402 0.078996 0.071128
0 0.790021 0.713882 0.078441 0.134761
3 0.797828 0.774208 0.083828 0.095824
0 0.350975 0.682529 0.021688 0.053968
0 0.235510 0.678457 0.021082 0.054322
58 0.971562 0.704921 0.055686 0.131594
0 0.851850 0.690647 0.035679 0.103601
0 0.733607 0.695810 0.045432 0.076748
3 0.734815 0.737221 0.034723 0.053756
2 0.457668 0.662044 0.042064 0.028312
