0 0.971580 0.697091 0.056333 0.184831
2 0.052749 0.719243 0.104969 0.084638
7 0.417933 0.689163 0.101313 0.063700
2 0.080891 0.706912 0.115268 0.056623
9 0.916422 0.422371 0.061541 0.150459
9 0.897695 0.423157 0.101271 0.151559
9 0.020499 0.636663 0.022015 0.028969
2 0.553783 0.682255 0.050479 0.048486
2 0.475957 0.684301 0.021847 0.016289
7 0.553228 0.683239 0.051754 0.048171
2 0.107699 0.712488 0.062837 0.045788
0 0.544198 0.702190 0.029847 0.045911
3 0.545192 0.706654 0.028756 0.039981
9 0.531231 0.504863 0.020670 0.014132
