0 0.429889 0.741092 0.086833 0.161634
0 0.313701 0.722958 0.059008 0.109089
2 0.030857 0.865132 0.061387 0.269736
0 0.526408 0.719087 0.080460 0.119366
0 0.721555 0.769400 0.108037 0.251794
2 0.035699 0.719814 0.051672 0.032171
3 0.727627 0.848771 0.117093 0.199579
3 0.312532 0.755331 0.055602 0.087917
2 0.271716 0.707295 0.082274 0.065844
3 0.419532 0.800499 0.062803 0.103201
2 0.050960 0.714166 0.067684 0.039717
0 0.884446 0.692980 0.025204 0.057201
5 0.346599 0.682778 0.058998 0.066982
1 0.797415 0.726684 0.027555 0.043253
3 0.526591 0.774092 0.048589 0.074959
3 0.632227 0.758992 0.051667 0.074714
0 0.629462 0.707339 0.052636 0.107189
3 0.737693 0.865090 0.096904 0.169851
0 0.828181 0.694100 0.019084 0.053539
7 0.289190 0.707430 0.115756 0.066320
