2 0.171419 0.744186 0.221298 0.155632
2 0.051096 0.707981 0.102193 0.099254
3 0.946071 0.775519 0.094076 0.177052
3 0.983576 0.809165 0.032019 0.133999
3 0.928402 0.764496 0.129611 0.186211
3 0.815382 0.751624 0.092776 0.152030
3 0.874680 0.753432 0.102958 0.165949
3 0.982805 0.777649 0.033899 0.192035
2 0.008970 0.737249 0.017736 0.091507
3 0.892205 0.765583 0.081509 0.156976
3 0.910948 0.765432 0.110683 0.165107
9 0.044258 0.504194 0.043758 0.017557
3 0.980298 0.754239 0.039020 0.233580
3 0.942606 0.749078 0.113053 0.227264
