2 0.102582 0.728855 0.148981 0.108677
2 0.206982 0.705804 0.099324 0.078837
2 0.027497 0.742108 0.054897 0.123968
2 0.509910 0.680993 0.069877 0.059943
2 0.291587 0.695774 0.072965 0.052558
2 0.329739 0.687441 0.041428 0.045616
3 0.951864 0.833207 0.095639 0.127688
2 0.350625 0.670092 0.043050 0.031493
3 0.931810 0.792387 0.132497 0.130321
2 0.616011 0.684109 0.061703 0.047595
3 0.818749 0.773745 0.081613 0.090838
3 0.674954 0.709779 0.074193 0.069960
2 0.463737 0.665618 0.025069 0.017395
2 0.267632 0.706211 0.042124 0.052633
3 0.871927 0.785471 0.083305 0.112928
