0 0.726505 0.708645 0.048513 0.100243
3 0.727576 0.736340 0.050358 0.068456
2 0.290464 0.709315 0.050305 0.066219
2 0.542239 0.684179 0.027080 0.016619
2 0.289434 0.718401 0.048099 0.048334
2 0.428532 0.688026 0.046282 0.040136
38 0.148845 0.184429 0.065531 0.062790
0 0.245166 0.702064 0.019193 0.035538
2 0.317416 0.709481 0.102589 0.064584
0 0.170341 0.701594 0.019439 0.033267
2 0.513205 0.682643 0.022445 0.021645
3 0.647362 0.697288 0.025522 0.034649
2 0.393728 0.687118 0.035419 0.027834
0 0.014487 0.718242 0.028975 0.057080
