2 0.092354 0.702480 0.183272 0.107724
7 0.939156 0.688473 0.120441 0.306941
2 0.276095 0.687848 0.071732 0.055921
2 0.208257 0.693303 0.074004 0.067534
0 0.638318 0.692643 0.029556 0.062411
3 0.639508 0.714872 0.026312 0.043788
2 0.361075 0.675222 0.044871 0.044921
3 0.615408 0.702069 0.026356 0.035059
2 0.330483 0.681642 0.050186 0.039626
2 0.155686 0.651076 0.058530 0.026362
0 0.547974 0.683315 0.023296 0.039824
0 0.614131 0.688127 0.023931 0.063256
3 0.638115 0.709735 0.031444 0.048197
3 0.631114 0.707192 0.044638 0.058054
