2 0.066990 0.804540 0.133701 0.280508
2 0.488047 0.725105 0.157703 0.148480
2 0.916899 0.802476 0.165510 0.286915
2 0.771495 0.729423 0.182908 0.124549
2 0.226219 0.690418 0.078328 0.047727
2 0.655056 0.697618 0.111977 0.088039
2 0.118643 0.693713 0.092051 0.048989
2 0.049385 0.688546 0.053100 0.033803
2 0.374474 0.686092 0.093219 0.097412
2 0.176060 0.682164 0.044441 0.030755
2 0.296353 0.686108 0.029498 0.022832
7 0.584824 0.665966 0.056369 0.067462
2 0.323006 0.682438 0.030322 0.027440
5 0.583780 0.667011 0.056675 0.067331
0 0.892747 0.684380 0.023188 0.037324
9 0.462558 0.484928 0.060370 0.019206
