2 0.042907 0.705107 0.085047 0.055625
2 0.573912 0.714082 0.118490 0.098329
2 0.203014 0.691679 0.103849 0.066644
2 0.893440 0.704093 0.098359 0.066483
2 0.301827 0.680761 0.048179 0.041445
7 0.746703 0.663894 0.103017 0.105379
2 0.387154 0.671703 0.050257 0.031608
2 0.951959 0.770429 0.095618 0.208822
2 0.427034 0.667404 0.031082 0.017396
2 0.357561 0.666157 0.020133 0.028387
0 0.113191 0.685403 0.021795 0.046100
2 0.623027 0.681889 0.042573 0.040862
2 0.498162 0.664744 0.025944 0.019024
2 0.824273 0.678237 0.053496 0.038676
