2 0.033873 0.729195 0.067746 0.089853
2 0.334892 0.717483 0.136059 0.093053
2 0.513777 0.684751 0.040462 0.033965
2 0.589064 0.691137 0.046898 0.031391
9 0.147355 0.342941 0.040483 0.088294
2 0.783368 0.715159 0.108781 0.079568
2 0.689514 0.703547 0.040789 0.044867
3 0.941309 0.763185 0.114483 0.077345
2 0.075763 0.725585 0.044291 0.059897
2 0.580842 0.689588 0.039062 0.030654
3 0.865195 0.742813 0.069481 0.070760
2 0.253858 0.698740 0.059450 0.042328
2 0.428411 0.675364 0.026467 0.028436
3 0.858673 0.750428 0.053136 0.056628
