2 0.446625 0.688658 0.043408 0.040015
0 0.818819 0.796117 0.171897 0.299547
0 0.574390 0.695179 0.035895 0.065561
2 0.534883 0.685023 0.052559 0.037669
3 0.574885 0.713638 0.034735 0.046572
3 0.864841 0.902306 0.241884 0.194445
0 0.401320 0.715137 0.079915 0.133417
0 0.986141 0.682586 0.027250 0.113407
2 0.843133 0.741510 0.266015 0.191324
3 0.398937 0.731810 0.091650 0.141816
3 0.397200 0.747399 0.063696 0.107126
3 0.396212 0.758172 0.055558 0.084238
0 0.800004 0.692357 0.034085 0.064523
3 0.860468 0.846082 0.249343 0.307560
