2 0.247084 0.702152 0.106867 0.082144
0 0.830834 0.731046 0.097721 0.199081
3 0.967460 0.807597 0.064315 0.136912
2 0.306209 0.691036 0.067713 0.072398
2 0.654830 0.693063 0.070714 0.049866
3 0.849643 0.786253 0.140972 0.111179
2 0.345519 0.688117 0.036405 0.055639
2 0.545515 0.671937 0.033835 0.028779
2 0.706285 0.698139 0.055897 0.081072
2 0.408773 0.672812 0.055947 0.051241
3 0.168216 0.728354 0.070688 0.075909
3 0.023100 0.776089 0.045926 0.082970
2 0.468517 0.671682 0.032681 0.027342
2 0.627958 0.677235 0.052304 0.036928
2 0.374744 0.682715 0.048916 0.052110
2 0.355513 0.687070 0.055336 0.054435
3 0.069314 0.749642 0.089560 0.090718
2 0.578184 0.674304 0.029856 0.018745
2 0.367037 0.684519 0.039660 0.050361
2 0.327843 0.690430 0.032870 0.066189
2 0.450604 0.682471 0.025182 0.044112
