2 0.237551 0.747740 0.349299 0.178176
3 0.918134 0.775187 0.162665 0.154419
3 0.728384 0.755061 0.139528 0.121014
3 0.537318 0.724125 0.065885 0.065159
0 0.441566 0.711910 0.072821 0.130372
0 0.933263 0.722740 0.079039 0.174963
3 0.431781 0.770591 0.080053 0.093879
0 0.724596 0.712965 0.055466 0.137800
0 0.539220 0.699826 0.050262 0.087643
2 0.682875 0.686417 0.055544 0.071603
0 0.838514 0.697244 0.049700 0.098150
0 0.839589 0.674896 0.042649 0.052851
0 0.809606 0.707387 0.034825 0.080198
0 0.651462 0.710026 0.039292 0.078341
3 0.655110 0.718135 0.038973 0.063303
0 0.122337 0.693276 0.047861 0.081709
0 0.723287 0.682736 0.055454 0.078252
