2 0.597063 0.779452 0.277776 0.222521
0 0.815208 0.730532 0.075267 0.147200
9 0.669847 0.356653 0.084738 0.040829
2 0.720008 0.696758 0.078228 0.049645
2 0.025181 0.687896 0.050363 0.032859
3 0.102053 0.754533 0.093156 0.081362
0 0.765978 0.715232 0.040606 0.073218
3 0.806832 0.770117 0.110008 0.113616
3 0.820083 0.776539 0.084747 0.098956
2 0.489486 0.680303 0.027900 0.021100
0 0.766182 0.728601 0.040746 0.104365
3 0.328432 0.715832 0.031676 0.042062
7 0.168880 0.688254 0.097176 0.053233
2 0.096151 0.688639 0.045434 0.030510
9 0.656590 0.356874 0.058505 0.039538
2 0.469521 0.724879 0.043351 0.069673
3 0.766722 0.752795 0.040709 0.070958
3 0.766912 0.733033 0.042535 0.110074
3 0.169300 0.754749 0.056830 0.054795
