0 0.735259 0.785162 0.170208 0.360800
0 0.496116 0.778941 0.175100 0.334086
0 0.924834 0.785164 0.149507 0.301688
3 0.069949 0.884184 0.139898 0.218059
3 0.159378 0.726756 0.115627 0.081142
3 0.777537 0.891885 0.148612 0.213624
2 0.276086 0.690843 0.113112 0.058957
0 0.352883 0.758298 0.127981 0.249874
0 0.615063 0.739873 0.105047 0.257043
3 0.622371 0.832791 0.089218 0.161370
3 0.348151 0.805953 0.122713 0.221464
3 0.501496 0.850461 0.161936 0.244916
3 0.926933 0.825238 0.144418 0.236770
0 0.061637 0.714866 0.123274 0.202785
0 0.062319 0.773380 0.124410 0.318927
26 0.530460 0.739798 0.079548 0.146656
0 0.155852 0.696051 0.037342 0.098389
3 0.942599 0.851824 0.113458 0.198520
3 0.963257 0.853767 0.072845 0.279848
9 0.485133 0.075906 0.198998 0.065517
0 0.974719 0.925370 0.049939 0.148762
