2 0.406097 0.767297 0.271532 0.231420
2 0.621829 0.680541 0.070141 0.047462
2 0.228013 0.681884 0.087465 0.057577
0 0.976465 0.667409 0.033397 0.088834
0 0.088939 0.748111 0.108478 0.221613
9 0.690418 0.537540 0.024385 0.072067
0 0.707631 0.685631 0.022588 0.074638
0 0.679866 0.686894 0.028143 0.079257
0 0.907991 0.685173 0.033951 0.089565
0 0.843657 0.675750 0.034633 0.075409
0 0.047819 0.831580 0.095639 0.319697
0 0.844384 0.703408 0.038001 0.132470
0 0.675534 0.686202 0.021935 0.078197
0 0.765799 0.695851 0.032892 0.110459
1 0.912476 0.704760 0.031174 0.053873
0 0.037453 0.841876 0.074830 0.282078
0 0.539830 0.686486 0.033638 0.068351
0 0.783321 0.696939 0.035370 0.111397
0 0.762127 0.692966 0.023369 0.102879
