2 0.593269 0.709064 0.129190 0.107932
2 0.435380 0.696659 0.083166 0.058871
2 0.384437 0.682236 0.034165 0.031506
7 0.045673 0.680462 0.090923 0.096534
2 0.262469 0.687471 0.042281 0.032553
7 0.199626 0.674043 0.058906 0.063781
9 0.281509 0.464649 0.033479 0.059115
2 0.025408 0.698053 0.050811 0.069478
9 0.378525 0.463183 0.053731 0.020442
2 0.198397 0.689523 0.054790 0.033753
0 0.799192 0.710728 0.063152 0.097542
2 0.492484 0.679978 0.034197 0.028128
3 0.824272 0.733328 0.115349 0.075388
3 0.744388 0.694946 0.034412 0.030421
3 0.812576 0.734860 0.091296 0.064237
2 0.529288 0.676054 0.016892 0.025663
7 0.026260 0.691193 0.052399 0.083228
