0 0.359226 0.764595 0.123966 0.264625
0 0.635595 0.738803 0.131134 0.257124
0 0.932773 0.762680 0.133014 0.256990
24 0.968212 0.754622 0.062675 0.107116
3 0.929556 0.856419 0.140393 0.222001
3 0.360137 0.807802 0.126965 0.197040
3 0.642556 0.827760 0.145148 0.245635
3 0.651709 0.858238 0.128032 0.184430
0 0.772854 0.674666 0.027994 0.051901
0 0.144065 0.685209 0.015909 0.046194
9 0.485849 0.075783 0.197792 0.064727
2 0.433651 0.678202 0.035520 0.030572
7 0.504261 0.674758 0.037082 0.038514
9 0.503707 0.567980 0.036514 0.013869
74 0.284551 0.088700 0.117402 0.117373
2 0.504616 0.674965 0.036998 0.038202
