2 0.635901 0.698874 0.085818 0.061070
2 0.111319 0.684139 0.059186 0.032316
2 0.181580 0.689447 0.066436 0.044976
2 0.482680 0.674157 0.027731 0.026553
2 0.038810 0.691900 0.077620 0.057042
2 0.426810 0.679312 0.063209 0.057969
0 0.728485 0.687331 0.028315 0.069759
3 0.575768 0.723571 0.041721 0.054541
2 0.535563 0.679882 0.050247 0.034621
2 0.327846 0.671808 0.029020 0.019067
2 0.524775 0.679492 0.031931 0.033423
7 0.426449 0.680115 0.062225 0.055704
2 0.591255 0.674557 0.030116 0.022759
2 0.259016 0.679222 0.026107 0.018230
3 0.575226 0.708865 0.042400 0.083396
0 0.915631 0.678765 0.024673 0.055413
