2 0.247938 0.685118 0.060429 0.049813
0 0.199750 0.689435 0.038121 0.069168
3 0.197719 0.715152 0.041583 0.051122
2 0.354013 0.676664 0.045662 0.034599
2 0.287202 0.675521 0.046772 0.037977
0 0.080483 0.700799 0.034375 0.058512
3 0.080735 0.709644 0.030229 0.045301
2 0.758502 0.707688 0.284747 0.203596
3 0.947256 0.708410 0.104475 0.085720
7 0.758139 0.708223 0.283556 0.203216
0 0.454069 0.669098 0.016612 0.035570
0 0.492781 0.672056 0.014980 0.039219
2 0.315636 0.667842 0.023738 0.024618
2 0.398782 0.664487 0.022240 0.021197
