2 0.814011 0.706401 0.120781 0.071427
2 0.521380 0.679956 0.029661 0.021661
3 0.575666 0.718652 0.035187 0.044564
0 0.941389 0.661510 0.022295 0.032530
3 0.664620 0.698793 0.032502 0.051168
3 0.731983 0.723601 0.043326 0.051585
2 0.660965 0.687605 0.041746 0.030059
0 0.574927 0.691659 0.039220 0.062327
2 0.384368 0.680075 0.028997 0.013363
3 0.730517 0.717406 0.054451 0.065457
5 0.426923 0.667976 0.057079 0.051946
2 0.337480 0.682646 0.030999 0.017168
7 0.422565 0.667583 0.047179 0.051305
2 0.701386 0.688116 0.055280 0.054537
