0 0.357664 0.711834 0.075008 0.134841
0 0.890944 0.669447 0.034672 0.053553
3 0.353149 0.765357 0.056987 0.096138
3 0.465803 0.704734 0.028521 0.043363
13 0.880522 0.717006 0.082425 0.054767
2 0.442776 0.679581 0.037022 0.034391
0 0.533400 0.689845 0.029881 0.056690
3 0.353701 0.778884 0.053361 0.070250
0 0.717799 0.673608 0.015172 0.045224
0 0.466183 0.694941 0.029646 0.061105
3 0.533729 0.711533 0.030301 0.047242
0 0.489324 0.677855 0.016431 0.038864
3 0.506663 0.697401 0.024720 0.032332
3 0.527450 0.705834 0.045903 0.056436
