2 0.325798 0.727124 0.078976 0.104601
2 0.788511 0.752144 0.169053 0.191487
2 0.513634 0.738901 0.185679 0.162625
2 0.367929 0.709479 0.074775 0.076114
2 0.156318 0.729080 0.311760 0.220865
7 0.932730 0.749333 0.133862 0.426533
2 0.640114 0.693793 0.066663 0.078253
2 0.011613 0.838162 0.023108 0.179447
2 0.409237 0.702979 0.048674 0.058892
2 0.734414 0.707781 0.162128 0.145809
2 0.648026 0.712640 0.040736 0.079460
7 0.736642 0.707715 0.164858 0.145310
2 0.596510 0.687156 0.030257 0.031718
0 0.132914 0.670866 0.050490 0.036503
