1 0.310175 0.733641 0.112935 0.083791
3 0.703914 0.774237 0.075301 0.110055
3 0.892420 0.754671 0.155781 0.118615
0 0.696973 0.710084 0.079161 0.141800
0 0.479665 0.698138 0.038540 0.090979
0 0.311305 0.699188 0.058679 0.122652
3 0.590665 0.730162 0.039124 0.058978
0 0.589703 0.692654 0.044667 0.087373
3 0.188318 0.715613 0.096984 0.068329
0 0.587094 0.678771 0.041370 0.055871
1 0.016552 0.711307 0.032981 0.042097
0 0.645480 0.700730 0.041157 0.094218
3 0.651300 0.739867 0.038557 0.060895
7 0.539849 0.683965 0.081457 0.103558
7 0.777244 0.702421 0.098719 0.137818
