2 0.426741 0.796773 0.337906 0.279851
2 0.206709 0.705293 0.161926 0.110712
2 0.041819 0.655119 0.083632 0.086455
2 0.925945 0.707345 0.026237 0.058393
2 0.747324 0.638760 0.038017 0.029214
2 0.320492 0.633087 0.049736 0.035807
2 0.689257 0.631033 0.032663 0.027789
2 0.258709 0.644174 0.069705 0.054978
2 0.424974 0.632545 0.108264 0.063507
2 0.359121 0.620100 0.046360 0.025342
2 0.085471 0.622490 0.051801 0.025176
2 0.365089 0.621602 0.034669 0.025881
2 0.139683 0.635950 0.061940 0.065178
2 0.308475 0.630888 0.073145 0.041508
2 0.352970 0.618549 0.035820 0.025705
7 0.643754 0.618272 0.049405 0.046016
2 0.714010 0.634229 0.024242 0.021229
2 0.289196 0.624862 0.035782 0.033710
