2 0.528878 0.765175 0.226483 0.186130
0 0.678062 0.712545 0.053358 0.113179
0 0.178850 0.723814 0.061341 0.115270
3 0.175274 0.762149 0.051002 0.093400
0 0.640448 0.681146 0.027757 0.042917
3 0.024366 0.746129 0.048731 0.138026
3 0.683958 0.746715 0.055391 0.064019
0 0.385137 0.693085 0.044095 0.076695
0 0.111802 0.675244 0.023584 0.062360
0 0.334191 0.680776 0.031881 0.058863
3 0.384092 0.725008 0.033157 0.055114
0 0.374033 0.696038 0.064402 0.081737
3 0.676299 0.733224 0.068587 0.089576
3 0.370401 0.719593 0.062351 0.056376
0 0.500354 0.660890 0.021988 0.029514
0 0.386145 0.680591 0.042027 0.054011
3 0.378324 0.722672 0.048806 0.057709
