0 0.123857 0.793363 0.247633 0.413274
0 0.494496 0.779134 0.178511 0.344256
0 0.733773 0.786696 0.169911 0.363869
0 0.923071 0.785218 0.151201 0.307174
3 0.621233 0.834850 0.088002 0.160877
0 0.349484 0.759124 0.127421 0.253301
0 0.621540 0.742253 0.102475 0.255626
3 0.347171 0.808167 0.123907 0.223530
3 0.498915 0.852147 0.166684 0.240076
9 0.485549 0.076124 0.197551 0.063658
3 0.777106 0.873004 0.148493 0.251531
3 0.925137 0.824265 0.148019 0.238179
3 0.100065 0.914178 0.199708 0.170640
2 0.016919 0.684167 0.033659 0.065294
3 0.103095 0.872984 0.205865 0.253040
0 0.817686 0.679835 0.042607 0.057999
3 0.942075 0.842315 0.113563 0.211313
0 0.409978 0.678973 0.038659 0.049542
