2 0.945983 0.761544 0.106970 0.205848
2 0.153152 0.710788 0.110377 0.053598
2 0.873579 0.741115 0.072533 0.121376
2 0.471426 0.730228 0.105171 0.033622
9 0.768809 0.536947 0.050059 0.107661
2 0.838622 0.720270 0.041449 0.058645
2 0.645781 0.723963 0.086793 0.064604
9 0.756496 0.637224 0.019424 0.035840
2 0.244120 0.707407 0.102898 0.066980
9 0.018049 0.579472 0.031079 0.077184
7 0.645895 0.722866 0.086336 0.065750
0 0.760766 0.724373 0.015795 0.034766
9 0.421428 0.653070 0.015498 0.029557
7 0.244680 0.708187 0.102239 0.066759
9 0.776852 0.535714 0.032287 0.104052
9 0.402491 0.652877 0.013333 0.028956
