2 0.326819 0.693485 0.070989 0.054777
0 0.741926 0.745318 0.104254 0.194632
0 0.907994 0.716151 0.033844 0.109628
5 0.187725 0.664710 0.121418 0.123653
3 0.644115 0.781664 0.051993 0.087338
5 0.282802 0.672972 0.073222 0.075997
3 0.755398 0.801748 0.084288 0.124081
2 0.405039 0.699229 0.057123 0.047805
0 0.559343 0.716317 0.066131 0.095975
0 0.454869 0.712479 0.043313 0.080939
0 0.934483 0.712199 0.025083 0.081870
5 0.112094 0.776834 0.223724 0.393042
3 0.451461 0.747159 0.036906 0.058878
3 0.559900 0.758625 0.042393 0.063768
0 0.495685 0.701363 0.030059 0.063449
5 0.283713 0.662980 0.071174 0.054023
0 0.646015 0.722849 0.063591 0.123137
0 0.929854 0.715004 0.022924 0.080739
3 0.494684 0.718377 0.029804 0.047245
0 0.641857 0.708378 0.053980 0.082035
0 0.428631 0.706888 0.023846 0.066709
