0 0.735351 0.785174 0.167903 0.360083
0 0.925316 0.784526 0.146970 0.300412
0 0.142754 0.751141 0.122748 0.268910
0 0.494450 0.779966 0.178309 0.335550
2 0.845650 0.680786 0.128321 0.062429
0 0.357182 0.761054 0.130936 0.252808
3 0.777447 0.891159 0.147522 0.216289
0 0.614909 0.745542 0.102302 0.266073
3 0.275878 0.732467 0.043516 0.070906
3 0.622049 0.832530 0.090837 0.161843
3 0.127445 0.809546 0.151757 0.202207
3 0.350226 0.808680 0.121776 0.216643
0 0.028542 0.686915 0.017578 0.050547
3 0.499024 0.846815 0.172686 0.252968
3 0.276140 0.718964 0.046247 0.096355
3 0.942775 0.848297 0.113015 0.199792
0 0.874277 0.770841 0.057571 0.169074
3 0.963712 0.857566 0.071968 0.255233
0 0.974231 0.924889 0.050961 0.149746
3 0.108987 0.829015 0.113623 0.160725
3 0.926968 0.833295 0.144199 0.216278
