2 0.235594 0.706129 0.107412 0.075083
3 0.781480 0.734188 0.055931 0.063041
0 0.775410 0.705655 0.049028 0.090761
2 0.045479 0.723832 0.090959 0.091102
2 0.351497 0.687784 0.036916 0.046928
7 0.931690 0.669737 0.095752 0.127117
2 0.142985 0.699739 0.039582 0.036440
2 0.305983 0.691045 0.045970 0.035115
2 0.126121 0.701223 0.072551 0.038262
0 0.607790 0.682966 0.017920 0.032944
0 0.577649 0.680992 0.017120 0.036174
2 0.109260 0.702074 0.041618 0.035903
0 0.987181 0.700319 0.025092 0.094654
10 0.208446 0.820273 0.024637 0.036673
