2 0.344238 0.685704 0.123317 0.101886
2 0.941786 0.769195 0.115325 0.192620
2 0.861351 0.729348 0.221102 0.158220
2 0.739672 0.713655 0.092736 0.097416
2 0.053129 0.681836 0.106236 0.089989
2 0.038170 0.683742 0.076147 0.090290
2 0.702565 0.698615 0.090144 0.079921
2 0.651725 0.695565 0.043159 0.056386
2 0.417591 0.674810 0.031142 0.033968
7 0.526502 0.688254 0.094885 0.119127
5 0.526260 0.688399 0.095716 0.119853
2 0.685326 0.710649 0.052693 0.056466
2 0.472583 0.671174 0.025028 0.028413
2 0.472957 0.664710 0.024438 0.039347
2 0.594635 0.676930 0.038763 0.041403
2 0.600636 0.679451 0.025229 0.040045
2 0.108108 0.680334 0.083599 0.067763
2 0.424937 0.673766 0.045377 0.033434
2 0.878588 0.748886 0.142944 0.118490
0 0.195535 0.687048 0.019662 0.046997
2 0.125703 0.680515 0.077718 0.066607
