0 0.735936 0.784967 0.177778 0.365289
0 0.923864 0.787480 0.148888 0.303636
0 0.605245 0.752723 0.125338 0.282419
0 0.358323 0.763741 0.125461 0.259272
3 0.360540 0.808205 0.128711 0.196342
3 0.775892 0.882537 0.150237 0.232617
3 0.626154 0.830292 0.095897 0.158810
3 0.941291 0.856554 0.117058 0.226136
24 0.963795 0.758527 0.072410 0.103200
0 0.847333 0.690663 0.055610 0.112291
0 0.123671 0.686909 0.014256 0.044149
9 0.485346 0.075759 0.198381 0.064679
0 0.127105 0.688518 0.017506 0.042631
74 0.284494 0.088563 0.116565 0.117334
9 0.503508 0.568898 0.035938 0.014432
