2 0.425789 0.796804 0.339667 0.279475
2 0.230126 0.649843 0.079599 0.052696
2 0.031954 0.709552 0.063754 0.104752
2 0.036943 0.658579 0.073428 0.061885
2 0.790586 0.679001 0.042641 0.080704
2 0.300295 0.635162 0.052392 0.036996
2 0.424403 0.632335 0.106834 0.060198
2 0.200742 0.623958 0.056822 0.042611
2 0.706071 0.633842 0.031049 0.016352
2 0.332131 0.615297 0.033943 0.030941
2 0.683436 0.631130 0.023408 0.020125
2 0.709440 0.632037 0.028647 0.018201
2 0.035939 0.622055 0.070382 0.038981
2 0.644238 0.618750 0.050105 0.045983
2 0.750090 0.635722 0.023487 0.018387
2 0.696434 0.632501 0.025148 0.018309
2 0.166744 0.619952 0.021439 0.020547
