0 0.141144 0.752698 0.122900 0.268837
0 0.734481 0.786758 0.168473 0.362392
0 0.494054 0.786213 0.175322 0.334052
0 0.922337 0.786489 0.153487 0.305689
2 0.038168 0.693974 0.076125 0.099100
3 0.621446 0.834559 0.088379 0.160098
0 0.348128 0.761153 0.134739 0.250378
0 0.308860 0.667721 0.037881 0.068096
0 0.615510 0.740407 0.106845 0.253192
3 0.775904 0.887820 0.144058 0.223119
3 0.341597 0.804491 0.128746 0.227480
0 0.473491 0.678302 0.074129 0.136720
3 0.496084 0.858308 0.157347 0.228747
9 0.486078 0.076668 0.197715 0.065078
3 0.126763 0.807482 0.152250 0.206322
3 0.108434 0.829508 0.114062 0.160397
3 0.499229 0.881787 0.102816 0.190286
3 0.944913 0.848351 0.108606 0.202552
3 0.195276 0.694798 0.054247 0.041275
3 0.969343 0.868487 0.060712 0.259359
0 0.882355 0.686997 0.052366 0.098246
