2 0.302646 0.721091 0.165704 0.131739
2 0.176715 0.715119 0.155903 0.118934
2 0.061039 0.813926 0.122079 0.222299
0 0.836626 0.717104 0.043662 0.105780
0 0.935726 0.706163 0.044912 0.120830
2 0.400480 0.697999 0.067002 0.070323
0 0.666747 0.694428 0.025580 0.067197
2 0.586881 0.679713 0.033360 0.026518
0 0.720477 0.691623 0.021254 0.055555
9 0.709941 0.495878 0.037234 0.072967
2 0.531456 0.690298 0.051246 0.037102
2 0.445575 0.680797 0.052605 0.057420
7 0.445634 0.681140 0.053243 0.057010
0 0.090494 0.706411 0.023972 0.048924
0 0.060245 0.702679 0.028856 0.057903
