2 0.602408 0.769567 0.268573 0.225715
2 0.157666 0.747100 0.314811 0.242874
2 0.071191 0.837350 0.142207 0.293781
2 0.339302 0.718583 0.142756 0.119020
7 0.803502 0.691324 0.155382 0.162602
2 0.409099 0.689500 0.082330 0.057722
0 0.932536 0.709879 0.053733 0.119870
2 0.397870 0.703743 0.066572 0.089117
2 0.890318 0.688969 0.026290 0.051596
2 0.973438 0.705952 0.052677 0.100376
2 0.421173 0.688281 0.058677 0.058380
2 0.696491 0.669967 0.064621 0.030829
3 0.938744 0.733748 0.059572 0.075387
0 0.933389 0.693867 0.046892 0.087582
2 0.948245 0.706770 0.102882 0.106273
