0 0.736950 0.784140 0.174708 0.359957
0 0.494830 0.779360 0.173543 0.333587
0 0.925299 0.784462 0.147138 0.297819
0 0.235688 0.735706 0.057903 0.130884
0 0.614095 0.729458 0.104190 0.230677
3 0.622308 0.833893 0.089646 0.158401
0 0.341414 0.761256 0.152735 0.249021
3 0.776513 0.878270 0.146841 0.240870
0 0.146293 0.743934 0.101121 0.169444
3 0.336036 0.803686 0.152173 0.225770
3 0.498927 0.854842 0.160117 0.237756
0 0.080894 0.706661 0.044029 0.114227
9 0.484955 0.075096 0.199923 0.064881
3 0.926987 0.831287 0.144460 0.221464
3 0.960860 0.862825 0.077690 0.261093
0 0.831580 0.718440 0.053914 0.146644
0 0.017874 0.719686 0.035679 0.155189
3 0.943625 0.854732 0.111262 0.199697
0 0.466594 0.683306 0.070572 0.144042
26 0.531266 0.742081 0.082735 0.154047
3 0.344946 0.809518 0.111713 0.212433
0 0.163534 0.742227 0.067703 0.166405
