2 0.775661 0.685065 0.106450 0.074320
0 0.278850 0.702817 0.035184 0.085329
0 0.601383 0.691288 0.021616 0.069351
0 0.497365 0.690540 0.044860 0.086578
9 0.443628 0.478104 0.057476 0.018853
0 0.686333 0.692434 0.049904 0.078917
9 0.291059 0.100836 0.177433 0.062072
0 0.352020 0.700240 0.022051 0.072616
1 0.380989 0.714127 0.083697 0.048089
2 0.129940 0.703452 0.041130 0.053142
1 0.502645 0.715108 0.078249 0.054378
0 0.158153 0.701515 0.022913 0.066402
2 0.630985 0.676148 0.033815 0.028994
2 0.711121 0.674507 0.040589 0.038709
0 0.178721 0.701650 0.022260 0.060164
0 0.377241 0.699121 0.029025 0.064264
0 0.384055 0.698659 0.039110 0.066887
1 0.925350 0.690487 0.043157 0.082072
0 0.560983 0.698319 0.055688 0.078128
0 0.229014 0.696914 0.022027 0.062578
