0 0.910316 0.698483 0.053769 0.090303
0 0.290631 0.701639 0.042307 0.081848
2 0.686150 0.679873 0.064208 0.039327
0 0.422290 0.693274 0.052355 0.085268
1 0.423583 0.714970 0.093804 0.058633
2 0.633993 0.675905 0.038460 0.027866
0 0.478967 0.693419 0.024239 0.076005
0 0.458365 0.688169 0.024800 0.070757
2 0.776017 0.686285 0.104497 0.075776
9 0.283950 0.101377 0.191485 0.063412
0 0.869778 0.680406 0.024574 0.071490
9 0.443478 0.477989 0.057531 0.018477
3 0.758045 0.707441 0.079255 0.054054
5 0.166399 0.654117 0.156437 0.067079
1 0.757387 0.707157 0.078160 0.052841
