2 0.424897 0.798319 0.340739 0.280676
2 0.310793 0.659239 0.072939 0.064997
2 0.040140 0.706518 0.080052 0.113110
2 0.934789 0.676116 0.058381 0.081529
2 0.043050 0.650535 0.086099 0.074489
2 0.270302 0.618244 0.033425 0.019660
2 0.708746 0.633568 0.035135 0.016547
2 0.429733 0.632990 0.117316 0.062963
2 0.335551 0.636897 0.044381 0.044811
2 0.641532 0.618654 0.055142 0.045555
2 0.190858 0.616814 0.053552 0.022476
2 0.367578 0.619706 0.027822 0.024308
2 0.767818 0.634058 0.026646 0.018281
2 0.107062 0.621462 0.066711 0.023964
