2 0.794303 0.729693 0.113755 0.088470
2 0.910183 0.736842 0.179224 0.157787
2 0.168728 0.724791 0.136675 0.092068
2 0.697910 0.719165 0.054190 0.053665
2 0.320185 0.722029 0.125174 0.114342
2 0.732560 0.725183 0.048073 0.065252
2 0.648733 0.711981 0.043966 0.039155
2 0.219466 0.703031 0.077351 0.080314
7 0.320007 0.721268 0.124628 0.115093
2 0.665366 0.713721 0.038444 0.044489
3 0.032634 0.748415 0.063767 0.062464
2 0.641698 0.711908 0.032156 0.035882
3 0.077353 0.740867 0.047073 0.055795
3 0.022542 0.750737 0.044859 0.064214
2 0.496471 0.686778 0.025918 0.021396
