5 0.920052 0.673135 0.158949 0.155855
2 0.482927 0.711046 0.103979 0.083350
2 0.260649 0.721854 0.187154 0.189587
2 0.065396 0.724364 0.130516 0.120711
2 0.162373 0.694312 0.044488 0.069993
2 0.595872 0.652401 0.017303 0.022474
2 0.359271 0.669315 0.042350 0.057304
2 0.444659 0.670267 0.076637 0.078488
7 0.039724 0.601190 0.078758 0.135763
2 0.126931 0.667905 0.071293 0.043482
2 0.300345 0.619920 0.051181 0.031121
2 0.810675 0.690129 0.024326 0.057655
2 0.126188 0.661560 0.065874 0.035852
2 0.387108 0.636322 0.030807 0.027021
2 0.583637 0.627740 0.037429 0.037634
2 0.185130 0.645276 0.039748 0.028274
