2 0.093684 0.710445 0.162203 0.090452
2 0.221537 0.688398 0.086383 0.056832
2 0.021726 0.715180 0.043341 0.082707
2 0.960595 0.734374 0.078369 0.146786
2 0.421163 0.681757 0.054031 0.044623
2 0.682073 0.680950 0.064103 0.053480
2 0.539922 0.670136 0.034884 0.025566
2 0.277471 0.685213 0.048650 0.047204
2 0.299735 0.683601 0.036385 0.038537
2 0.579002 0.673375 0.030911 0.020402
2 0.294558 0.684694 0.035950 0.042275
2 0.347609 0.676558 0.028704 0.033600
3 0.864558 0.721280 0.086108 0.070595
2 0.474842 0.669120 0.020516 0.015505
3 0.910743 0.729797 0.070222 0.076349
3 0.823507 0.712761 0.059757 0.064036
