2 0.618021 0.803213 0.326942 0.273713
0 0.243260 0.723260 0.088873 0.181929
7 0.330450 0.679249 0.141674 0.157583
2 0.046346 0.691641 0.092361 0.087911
2 0.896967 0.754944 0.205161 0.246309
3 0.234201 0.792499 0.090657 0.133434
2 0.772903 0.712492 0.140297 0.123651
2 0.142832 0.694597 0.164725 0.103549
2 0.423077 0.691191 0.054796 0.059768
2 0.483611 0.677228 0.030356 0.022397
2 0.459796 0.688619 0.027846 0.032665
2 0.485207 0.673542 0.037304 0.031522
2 0.708970 0.663018 0.050074 0.034654
9 0.469780 0.564469 0.021820 0.021542
