2 0.775654 0.685198 0.106585 0.074620
0 0.546222 0.693931 0.026945 0.086474
2 0.675103 0.680875 0.038764 0.038155
0 0.351899 0.699784 0.049276 0.090618
9 0.444648 0.477931 0.055559 0.018252
0 0.588363 0.693313 0.023972 0.073678
2 0.635736 0.675924 0.036410 0.026521
0 0.707514 0.694960 0.031100 0.071257
0 0.308001 0.695130 0.031055 0.080974
9 0.285322 0.101647 0.187036 0.063697
0 0.403972 0.696692 0.025177 0.069683
0 0.407684 0.698178 0.035653 0.070319
0 0.240533 0.693549 0.026406 0.064232
0 0.448766 0.698612 0.034764 0.075717
0 0.465157 0.695926 0.026180 0.078474
0 0.460826 0.699539 0.028085 0.071848
