2 0.062031 0.708205 0.124061 0.113830
2 0.574661 0.679989 0.059846 0.049320
2 0.493479 0.675330 0.040477 0.034689
0 0.725067 0.688024 0.021369 0.066472
2 0.263939 0.682303 0.058583 0.056559
2 0.405729 0.686271 0.068496 0.053655
2 0.616768 0.677733 0.028677 0.023875
2 0.327326 0.676802 0.040281 0.035006
7 0.166793 0.683338 0.123312 0.091049
2 0.457580 0.668483 0.023693 0.019944
2 0.158918 0.683786 0.106808 0.092476
2 0.404469 0.695231 0.067421 0.036496
2 0.668989 0.682055 0.041795 0.043128
9 0.072768 0.478611 0.042711 0.043492
