0 0.732458 0.786103 0.172514 0.363009
0 0.495253 0.778744 0.175331 0.325817
0 0.926434 0.785421 0.144229 0.299457
0 0.355348 0.762251 0.122416 0.260527
3 0.620354 0.831571 0.089280 0.157133
0 0.825466 0.697167 0.046723 0.125423
3 0.776782 0.890672 0.147495 0.216917
3 0.939014 0.846689 0.121613 0.246144
0 0.618645 0.740160 0.111125 0.255540
3 0.354158 0.811350 0.117456 0.195996
24 0.964280 0.758112 0.071440 0.106079
3 0.498572 0.860223 0.167854 0.228225
3 0.943467 0.880436 0.112170 0.182155
0 0.462946 0.682620 0.088469 0.145339
9 0.485375 0.075425 0.198819 0.065024
0 0.128183 0.686151 0.015996 0.044534
0 0.122509 0.684502 0.013001 0.047441
