2 0.888749 0.766403 0.222066 0.191871
2 0.349568 0.729632 0.108412 0.081324
2 0.109922 0.745937 0.134616 0.105831
2 0.030209 0.758666 0.060418 0.137189
2 0.187864 0.728078 0.105401 0.092229
0 0.734262 0.757285 0.096454 0.166797
2 0.715220 0.720666 0.129852 0.116180
3 0.750190 0.836061 0.102853 0.127431
2 0.540744 0.724711 0.138845 0.169570
2 0.423223 0.698935 0.050827 0.040239
7 0.541062 0.724304 0.139280 0.170356
2 0.252757 0.713975 0.060245 0.077300
3 0.744874 0.815250 0.112580 0.168652
9 0.573292 0.587208 0.022597 0.038686
