2 0.410801 0.769695 0.278116 0.198587
2 0.854386 0.798202 0.290850 0.243464
0 0.599891 0.712092 0.036922 0.117356
0 0.269056 0.724825 0.045353 0.139793
2 0.235284 0.723090 0.186161 0.130990
0 0.568165 0.707277 0.034663 0.104715
0 0.690285 0.727055 0.043961 0.125571
1 0.648592 0.721705 0.052228 0.062264
0 0.176667 0.389422 0.057559 0.142761
2 0.209100 0.722879 0.132463 0.128264
0 0.743784 0.696483 0.034360 0.095054
9 0.157827 0.595909 0.020676 0.044781
1 0.654364 0.725752 0.039398 0.055538
0 0.972630 0.147160 0.054236 0.134002
0 0.781501 0.689394 0.045737 0.070429
