0 0.496302 0.782089 0.176420 0.334249
0 0.737985 0.785424 0.169154 0.364048
0 0.171762 0.802242 0.279026 0.394363
0 0.924237 0.785161 0.149052 0.303943
0 0.350271 0.758376 0.123816 0.243332
0 0.030701 0.758464 0.061402 0.218401
9 0.484943 0.076077 0.196741 0.064884
0 0.109659 0.699299 0.088635 0.183070
3 0.620877 0.833955 0.087891 0.162867
0 0.616325 0.736633 0.102188 0.244680
3 0.503807 0.859348 0.161088 0.227338
3 0.775909 0.875460 0.148984 0.246449
3 0.143415 0.870161 0.217064 0.259121
3 0.344953 0.845193 0.109185 0.150891
3 0.925353 0.828173 0.147839 0.228140
3 0.148304 0.906336 0.193293 0.186313
3 0.497741 0.885842 0.116272 0.182977
0 0.079756 0.799682 0.127612 0.370382
3 0.409599 0.723739 0.031998 0.068416
0 0.977536 0.936548 0.044065 0.126904
0 0.868326 0.779667 0.073714 0.174507
