0 0.494451 0.781365 0.178391 0.339540
0 0.737400 0.787702 0.172699 0.361060
2 0.042001 0.704854 0.083654 0.079206
0 0.924544 0.781360 0.146167 0.302270
0 0.124355 0.761611 0.173074 0.307040
0 0.615004 0.740727 0.104289 0.252098
0 0.349555 0.756701 0.128039 0.244494
3 0.500144 0.851504 0.168463 0.237190
3 0.127900 0.875046 0.183686 0.247927
3 0.775089 0.888111 0.145799 0.221806
3 0.621210 0.833623 0.087976 0.161981
9 0.484664 0.075927 0.198421 0.064290
3 0.347664 0.808883 0.125802 0.215252
3 0.925515 0.826960 0.147453 0.238644
3 0.108374 0.899122 0.133334 0.197822
2 0.190249 0.696401 0.056621 0.045895
3 0.409556 0.729945 0.035528 0.055795
0 0.976102 0.933784 0.047188 0.131187
0 0.824380 0.708289 0.063819 0.114812
3 0.500883 0.881875 0.114820 0.185443
