0 0.735056 0.781306 0.150612 0.355394
0 0.190817 0.807523 0.229902 0.384547
0 0.422915 0.805890 0.202163 0.387594
0 0.898673 0.770568 0.109530 0.262660
0 0.515057 0.768095 0.108843 0.298759
0 0.082251 0.694392 0.069755 0.107141
0 0.603300 0.743286 0.097673 0.241339
3 0.764802 0.881876 0.132326 0.226585
3 0.160106 0.885042 0.208221 0.229718
3 0.604921 0.807488 0.082823 0.130816
3 0.415978 0.902746 0.185064 0.193690
0 0.849289 0.734068 0.068037 0.195091
3 0.919471 0.829581 0.158637 0.250562
0 0.603152 0.704175 0.097979 0.163291
0 0.975517 0.912712 0.047983 0.172671
0 0.687890 0.671366 0.037807 0.052587
3 0.919252 0.869992 0.154215 0.146984
