0 0.732701 0.783468 0.169204 0.357659
0 0.925942 0.784184 0.145493 0.301139
0 0.495217 0.782085 0.166766 0.339219
0 0.048988 0.712483 0.078785 0.153160
0 0.354313 0.763431 0.130561 0.259188
0 0.083965 0.688046 0.037909 0.105393
3 0.776360 0.891494 0.148311 0.212693
0 0.612265 0.763091 0.120561 0.302349
1 0.067710 0.745655 0.134515 0.079502
3 0.501631 0.854845 0.167772 0.241042
3 0.354701 0.806706 0.135598 0.210554
3 0.753628 0.877275 0.192607 0.243393
3 0.622297 0.829577 0.092750 0.160820
0 0.293816 0.679071 0.036684 0.062885
3 0.270719 0.734528 0.054511 0.056313
1 0.097322 0.740487 0.073101 0.061827
3 0.506395 0.881289 0.138948 0.184129
0 0.405196 0.675499 0.038113 0.089276
3 0.926597 0.831607 0.145262 0.226992
3 0.272667 0.717175 0.056617 0.089714
9 0.485517 0.075089 0.197914 0.064949
