2 0.466163 0.718875 0.150365 0.136572
2 0.657632 0.698288 0.114766 0.079281
2 0.186670 0.677672 0.089257 0.061586
2 0.347156 0.699349 0.103881 0.088613
2 0.849720 0.744947 0.296536 0.208328
2 0.292379 0.664200 0.047645 0.042220
7 0.549689 0.658184 0.061552 0.066560
2 0.137206 0.675288 0.039441 0.044406
7 0.052422 0.665448 0.102188 0.087393
2 0.034847 0.680500 0.069116 0.069962
5 0.548399 0.658116 0.059552 0.068007
2 0.252729 0.659452 0.041290 0.021397
74 0.194751 0.033580 0.133035 0.067160
2 0.522330 0.669897 0.053600 0.047774
2 0.256251 0.660209 0.028520 0.018013
9 0.483026 0.035731 0.222863 0.071249
2 0.290494 0.672604 0.044466 0.027589
2 0.523854 0.683736 0.052055 0.073371
2 0.443857 0.645136 0.038773 0.017012
