2 0.303093 0.721031 0.165698 0.130471
2 0.175975 0.714840 0.157193 0.118937
2 0.060881 0.813027 0.121758 0.219693
0 0.836828 0.717265 0.044366 0.104345
2 0.401202 0.697897 0.065696 0.069264
0 0.666129 0.693852 0.024679 0.067042
0 0.934937 0.706543 0.046925 0.119916
2 0.586707 0.679945 0.033108 0.025750
2 0.531642 0.690704 0.052139 0.035997
2 0.445406 0.681200 0.052163 0.057578
9 0.710718 0.497174 0.032373 0.069306
0 0.720574 0.692115 0.020590 0.052929
0 0.684641 0.693222 0.021784 0.069397
7 0.445149 0.681805 0.052529 0.056461
0 0.059854 0.700849 0.026545 0.055955
0 0.090540 0.707963 0.021716 0.048194
