0 0.734846 0.786575 0.172398 0.359532
0 0.501985 0.781772 0.185396 0.334388
0 0.925787 0.786825 0.145116 0.302156
0 0.355460 0.761902 0.120503 0.260070
3 0.775143 0.890542 0.150917 0.214840
0 0.826034 0.697432 0.047361 0.127311
3 0.944032 0.856337 0.111436 0.225116
3 0.622330 0.830618 0.087729 0.158471
0 0.614406 0.767442 0.104812 0.313247
3 0.355335 0.807937 0.119896 0.203067
3 0.510144 0.854387 0.173805 0.231897
24 0.957346 0.759388 0.085307 0.103401
0 0.470947 0.681038 0.091007 0.142457
0 0.614835 0.716371 0.103665 0.209052
