2 0.529395 0.766127 0.226586 0.187839
0 0.678207 0.708174 0.052159 0.103396
0 0.177998 0.724300 0.064081 0.114288
0 0.385085 0.691347 0.044993 0.074744
0 0.640375 0.680689 0.028969 0.042230
0 0.111726 0.674967 0.023746 0.062785
3 0.176521 0.760084 0.051201 0.097523
3 0.684253 0.746007 0.055002 0.064394
3 0.675757 0.737167 0.071610 0.082669
0 0.333528 0.678815 0.032430 0.055712
3 0.384472 0.723710 0.034992 0.055843
0 0.334545 0.690618 0.036952 0.079734
0 0.641458 0.700341 0.031793 0.079543
3 0.336508 0.711433 0.047612 0.045853
0 0.023187 0.741073 0.046351 0.134850
