2 0.618874 0.804166 0.325219 0.274637
0 0.243773 0.721987 0.088824 0.178210
3 0.234206 0.792101 0.092604 0.133888
7 0.330059 0.679117 0.141048 0.156823
2 0.048444 0.691495 0.096273 0.087434
2 0.897245 0.754637 0.204483 0.246436
2 0.773630 0.713159 0.139436 0.122623
2 0.146826 0.694101 0.161527 0.102031
2 0.422331 0.688555 0.055581 0.064553
2 0.458943 0.685833 0.030487 0.037782
2 0.709468 0.663316 0.046142 0.034181
2 0.486560 0.671388 0.043957 0.035752
2 0.484671 0.672748 0.033687 0.029949
2 0.424366 0.696770 0.052051 0.047929
2 0.540747 0.657735 0.057006 0.019855
9 0.470103 0.564307 0.021095 0.021082
