0 0.125731 0.793360 0.251462 0.413280
0 0.495406 0.778537 0.177990 0.344258
0 0.735824 0.787010 0.169476 0.359892
0 0.925286 0.782285 0.148812 0.304395
3 0.347105 0.808006 0.124156 0.222371
0 0.618423 0.737972 0.095871 0.246999
3 0.621267 0.833477 0.087482 0.163148
3 0.497897 0.837651 0.172790 0.269425
9 0.484780 0.076252 0.198364 0.064438
3 0.773150 0.886255 0.140729 0.225595
3 0.925424 0.825138 0.147605 0.237592
0 0.353938 0.753955 0.120617 0.241042
3 0.105440 0.904930 0.210675 0.189155
2 0.017504 0.685203 0.034839 0.069026
0 0.976481 0.936283 0.046146 0.127389
