2 0.125473 0.754943 0.243772 0.201061
2 0.265663 0.713669 0.134220 0.117896
7 0.838238 0.712763 0.253316 0.248807
2 0.019813 0.809576 0.039626 0.281557
2 0.346227 0.697839 0.075850 0.084648
5 0.142527 0.629601 0.206594 0.061316
7 0.723430 0.662424 0.212784 0.182917
2 0.378243 0.680682 0.072925 0.068504
7 0.526349 0.691797 0.098487 0.097342
7 0.977977 0.687320 0.043257 0.294098
5 0.724514 0.662717 0.217343 0.179546
2 0.526256 0.691544 0.099494 0.095825
2 0.599813 0.686593 0.032601 0.046922
2 0.429110 0.674356 0.040153 0.050720
10 0.213351 0.860129 0.029514 0.043802
5 0.429160 0.675179 0.040925 0.051781
2 0.586689 0.676119 0.032244 0.041396
