2 0.243685 0.738022 0.218725 0.150686
2 0.509669 0.721489 0.148460 0.136267
2 0.942071 0.787221 0.114771 0.228793
2 0.732405 0.710258 0.166116 0.132945
2 0.428961 0.690656 0.059501 0.071501
2 0.126635 0.694459 0.071342 0.066633
0 0.894406 0.702080 0.045416 0.087362
2 0.383742 0.696326 0.036750 0.044670
7 0.595227 0.686832 0.070192 0.075950
0 0.894365 0.689712 0.043584 0.061347
0 0.953523 0.690291 0.030806 0.041021
2 0.338007 0.690843 0.031063 0.036458
9 0.446310 0.536334 0.028508 0.027796
3 0.910863 0.719969 0.071680 0.055720
3 0.897594 0.721480 0.046153 0.051945
