2 0.229912 0.745578 0.259153 0.191423
2 0.935825 0.737204 0.126881 0.230633
2 0.020788 0.741392 0.041394 0.164450
2 0.747818 0.715837 0.103377 0.108759
0 0.531846 0.702357 0.053386 0.090735
0 0.673236 0.716106 0.082588 0.137888
2 0.843329 0.733853 0.188812 0.178350
3 0.534898 0.736580 0.046373 0.063247
2 0.078027 0.722938 0.141667 0.139166
3 0.683673 0.786439 0.071771 0.087960
2 0.825147 0.748491 0.150927 0.145341
0 0.645389 0.712476 0.043296 0.118547
2 0.857310 0.675406 0.158236 0.058365
3 0.537536 0.730389 0.060376 0.070939
2 0.974403 0.852653 0.050773 0.293239
