0 0.733472 0.783435 0.166437 0.354680
0 0.925563 0.785041 0.146678 0.301767
0 0.497615 0.784174 0.167099 0.333614
0 0.353011 0.757513 0.119990 0.256110
3 0.775722 0.891368 0.150211 0.214123
3 0.620989 0.830539 0.087007 0.157542
0 0.615510 0.740213 0.108044 0.254294
3 0.499893 0.853332 0.160740 0.235135
0 0.463944 0.684024 0.081597 0.146919
3 0.352198 0.809529 0.118986 0.199639
0 0.817075 0.693021 0.043820 0.115746
3 0.927444 0.827622 0.143491 0.227995
9 0.485795 0.076107 0.197049 0.066055
0 0.120055 0.685734 0.014508 0.044755
3 0.945179 0.850243 0.109300 0.276592
3 0.963946 0.855000 0.071484 0.281195
0 0.974097 0.930841 0.051247 0.137802
