2 0.698736 0.713964 0.149807 0.105477
2 0.532489 0.691184 0.072023 0.052892
2 0.087935 0.705185 0.104021 0.061465
2 0.472914 0.680727 0.038103 0.027880
0 0.895682 0.694125 0.040894 0.077711
2 0.311934 0.682902 0.046308 0.028761
2 0.623556 0.695681 0.036222 0.054228
2 0.258755 0.687178 0.037325 0.030678
3 0.905723 0.728706 0.056355 0.057655
2 0.987940 0.751758 0.023524 0.098041
0 0.857440 0.677498 0.019528 0.057424
0 0.827349 0.675652 0.016455 0.048692
2 0.574834 0.682613 0.023648 0.022917
2 0.598085 0.685952 0.032516 0.039996
