0 0.736370 0.784973 0.162408 0.364940
0 0.491246 0.782728 0.175546 0.335857
0 0.923842 0.784993 0.150432 0.305565
0 0.175575 0.805511 0.256647 0.387442
0 0.030454 0.756321 0.060908 0.220826
0 0.352527 0.756902 0.126374 0.243726
0 0.616405 0.738221 0.099588 0.250850
0 0.531089 0.683383 0.088955 0.148350
3 0.152856 0.908305 0.193392 0.182468
3 0.498243 0.859200 0.167744 0.229751
3 0.772478 0.887273 0.140705 0.223980
3 0.620844 0.833885 0.086739 0.159606
2 0.255120 0.685763 0.078216 0.066877
0 0.082078 0.799142 0.134835 0.346940
0 0.115505 0.692419 0.085199 0.156723
3 0.494059 0.884336 0.113161 0.188016
9 0.484869 0.076663 0.198867 0.064964
3 0.341458 0.806888 0.114302 0.229440
3 0.925076 0.827565 0.148364 0.223775
3 0.340952 0.838229 0.109555 0.165190
3 0.756926 0.875067 0.182840 0.243744
