2 0.593350 0.709034 0.128595 0.107686
2 0.435592 0.698110 0.084072 0.056555
2 0.385644 0.682236 0.032324 0.031158
7 0.045474 0.682475 0.090948 0.098927
2 0.268114 0.687653 0.051817 0.034254
9 0.378056 0.463355 0.055800 0.019447
2 0.491432 0.680339 0.036596 0.029262
2 0.197944 0.689734 0.056846 0.032547
0 0.798822 0.708633 0.060855 0.099554
2 0.529075 0.676452 0.018661 0.023891
2 0.338472 0.677059 0.027281 0.023677
9 0.282326 0.464636 0.030412 0.060836
3 0.744199 0.694960 0.033189 0.031061
2 0.334147 0.678380 0.033396 0.023414
3 0.823160 0.732801 0.111124 0.074213
