2 0.406097 0.765811 0.273254 0.232222
2 0.221744 0.681862 0.074916 0.057233
0 0.974893 0.667704 0.031331 0.088068
9 0.690195 0.536322 0.024202 0.068203
2 0.621900 0.680730 0.069072 0.049211
0 0.707854 0.686938 0.023107 0.071303
0 0.843075 0.675652 0.034077 0.077915
0 0.092320 0.749252 0.108052 0.213988
0 0.682072 0.687383 0.027012 0.080549
0 0.763044 0.696874 0.024050 0.110502
0 0.772881 0.697570 0.043364 0.112945
0 0.909103 0.685439 0.035522 0.086642
0 0.162288 0.738828 0.044675 0.104070
1 0.913148 0.704107 0.032687 0.054626
0 0.844075 0.691850 0.036599 0.112192
