2 0.246352 0.702035 0.107902 0.081509
0 0.830579 0.735415 0.097891 0.191811
3 0.966443 0.806835 0.066354 0.135215
2 0.306941 0.691834 0.065493 0.073344
2 0.653970 0.693724 0.070605 0.046843
2 0.343658 0.688419 0.038645 0.056133
2 0.408097 0.673119 0.055217 0.049791
3 0.850908 0.783936 0.141248 0.115421
2 0.627090 0.676528 0.050621 0.038188
2 0.545630 0.673820 0.032674 0.026194
2 0.705490 0.698038 0.054853 0.073470
2 0.470601 0.672428 0.032228 0.026827
2 0.337697 0.687328 0.050088 0.062717
2 0.576601 0.674879 0.030856 0.018314
2 0.375714 0.685610 0.050832 0.044792
2 0.450743 0.681574 0.025028 0.045792
2 0.369378 0.687543 0.051053 0.053678
