2 0.219381 0.747122 0.289259 0.178888
2 0.721925 0.726825 0.202165 0.134625
2 0.054358 0.833668 0.108377 0.299725
2 0.409441 0.701782 0.122797 0.100893
0 0.930820 0.712811 0.069862 0.129698
2 0.522309 0.676773 0.068526 0.058644
2 0.080793 0.689712 0.102863 0.058942
7 0.794522 0.662735 0.119533 0.077562
2 0.474506 0.664106 0.037680 0.039981
3 0.868947 0.726949 0.048726 0.059132
0 0.981513 0.723926 0.036328 0.083200
0 0.864371 0.697319 0.043693 0.087901
2 0.566864 0.671042 0.029199 0.026540
3 0.940596 0.758842 0.072104 0.093441
2 0.022256 0.693675 0.044305 0.071708
2 0.078947 0.712411 0.103854 0.105640
2 0.266674 0.654765 0.060351 0.019597
