0 0.735777 0.787411 0.168835 0.360809
0 0.494607 0.783548 0.177679 0.334648
0 0.141571 0.753875 0.123091 0.265816
2 0.239387 0.687874 0.139513 0.067445
0 0.925195 0.782889 0.147605 0.301557
0 0.616042 0.741329 0.100430 0.254798
0 0.352228 0.761599 0.126743 0.260171
3 0.775101 0.891682 0.142381 0.215492
3 0.501242 0.855735 0.166924 0.233392
3 0.620730 0.832131 0.086608 0.160917
3 0.350470 0.806301 0.123940 0.219991
0 0.877548 0.776601 0.062480 0.178052
3 0.123479 0.826144 0.145794 0.170945
9 0.485550 0.076109 0.197774 0.064844
0 0.461806 0.679628 0.081960 0.132454
2 0.058687 0.693484 0.067685 0.046701
0 0.974609 0.935255 0.050099 0.128324
3 0.103544 0.831951 0.105113 0.156697
0 0.876242 0.729364 0.058680 0.081607
3 0.340951 0.833548 0.106431 0.167616
