0 0.736754 0.785210 0.165245 0.364217
0 0.492083 0.782626 0.173943 0.328570
0 0.166490 0.803608 0.270642 0.391673
0 0.923845 0.784187 0.150106 0.303575
0 0.615721 0.739104 0.100625 0.251483
0 0.029944 0.757833 0.059888 0.218165
0 0.349045 0.754324 0.123778 0.238229
3 0.622167 0.833184 0.089112 0.160906
3 0.773854 0.875986 0.147349 0.245323
0 0.525166 0.688699 0.079033 0.152477
3 0.151747 0.899623 0.216699 0.200041
3 0.496604 0.856277 0.167348 0.231316
2 0.061721 0.696855 0.075024 0.062166
3 0.925696 0.827707 0.147251 0.224209
0 0.978474 0.937402 0.042236 0.125197
3 0.495007 0.883147 0.110642 0.188454
3 0.347692 0.803160 0.119747 0.226732
0 0.530904 0.774500 0.091070 0.326223
0 0.526325 0.736668 0.082004 0.247201
9 0.484343 0.076067 0.198947 0.065235
3 0.342104 0.842935 0.104785 0.154410
0 0.978853 0.909075 0.041826 0.180771
0 0.084500 0.808157 0.138775 0.353450
0 0.867967 0.780277 0.073755 0.175731
