0 0.495543 0.781916 0.175653 0.339163
0 0.141530 0.752175 0.122676 0.269007
0 0.734376 0.786512 0.168128 0.360338
0 0.926022 0.783350 0.147443 0.298745
0 0.344626 0.764751 0.130926 0.264430
9 0.484600 0.076191 0.198317 0.064527
0 0.614103 0.740800 0.103988 0.254024
3 0.345934 0.809285 0.126895 0.216969
2 0.022231 0.696378 0.044461 0.073129
3 0.771647 0.876051 0.175430 0.245429
3 0.621064 0.832264 0.087407 0.162913
3 0.500945 0.853638 0.169080 0.240348
3 0.126430 0.816994 0.151635 0.187752
2 0.058257 0.693295 0.051529 0.041400
0 0.875708 0.731976 0.051583 0.073342
3 0.108646 0.830263 0.114437 0.158429
3 0.407248 0.714146 0.036456 0.086143
0 0.241010 0.689086 0.016888 0.035201
