2 0.790430 0.752741 0.171047 0.191584
2 0.364886 0.710372 0.082280 0.076461
2 0.513905 0.738283 0.186585 0.165800
2 0.328786 0.731791 0.071695 0.094382
7 0.933299 0.748355 0.132744 0.433432
2 0.642008 0.693817 0.062609 0.076096
2 0.156565 0.729217 0.310503 0.222883
2 0.011525 0.835663 0.022960 0.182837
2 0.646625 0.718196 0.042781 0.066416
2 0.404296 0.702922 0.048244 0.059276
7 0.738443 0.709398 0.162369 0.144282
2 0.647903 0.707488 0.050017 0.070053
0 0.132430 0.669668 0.051188 0.038847
2 0.226117 0.727115 0.172218 0.215455
2 0.596458 0.691579 0.028739 0.027476
