3 0.782647 0.732911 0.056802 0.065549
2 0.234280 0.706089 0.105934 0.075939
0 0.777382 0.706292 0.052076 0.097714
2 0.142766 0.699995 0.039883 0.036358
2 0.352179 0.688149 0.038514 0.046576
2 0.045922 0.723054 0.091844 0.090213
2 0.305184 0.691068 0.047871 0.035823
7 0.045920 0.723174 0.091563 0.090108
2 0.352186 0.697081 0.036959 0.029039
0 0.608031 0.682338 0.017146 0.034543
2 0.018785 0.748708 0.037502 0.047585
0 0.577200 0.681240 0.017355 0.035352
0 0.991227 0.706973 0.016820 0.071504
2 0.108238 0.703125 0.042142 0.035447
