2 0.060149 0.710043 0.120119 0.114457
2 0.574908 0.680214 0.059105 0.048845
2 0.492216 0.675726 0.041826 0.034026
2 0.457020 0.668228 0.024203 0.020107
2 0.266159 0.681955 0.062598 0.057122
2 0.405113 0.692989 0.067147 0.040166
2 0.618619 0.676714 0.033151 0.025517
2 0.330497 0.678019 0.045743 0.038772
0 0.725569 0.687715 0.021272 0.065884
7 0.171717 0.682751 0.130459 0.093129
2 0.404521 0.684119 0.068508 0.057856
2 0.155072 0.683304 0.096932 0.094933
9 0.072729 0.478187 0.043066 0.042906
2 0.011957 0.724446 0.023914 0.111152
2 0.405402 0.698817 0.065773 0.028262
