2 0.506390 0.757960 0.259754 0.235055
2 0.793634 0.752342 0.166407 0.199824
7 0.933840 0.749378 0.131730 0.425807
2 0.119920 0.729907 0.239678 0.224771
2 0.011760 0.836744 0.023482 0.178511
2 0.732796 0.708456 0.163974 0.144666
2 0.321591 0.726336 0.072101 0.104882
5 0.248422 0.608851 0.191147 0.131774
2 0.237087 0.757812 0.148514 0.145679
0 0.390486 0.673306 0.043147 0.051288
2 0.648894 0.710944 0.045919 0.078434
0 0.389808 0.699909 0.044120 0.104676
2 0.333762 0.723389 0.071103 0.101306
7 0.733000 0.710139 0.167939 0.147076
