2 0.639550 0.687099 0.093125 0.067364
2 0.516320 0.679324 0.065735 0.054783
2 0.721281 0.672866 0.076983 0.055623
0 0.775648 0.691133 0.041444 0.089971
9 0.398917 0.365352 0.096826 0.031551
0 0.802621 0.679671 0.023446 0.059459
0 0.890236 0.675706 0.030072 0.067258
0 0.956710 0.670752 0.033890 0.070139
9 0.411363 0.365527 0.070412 0.029406
0 0.921086 0.662846 0.021447 0.057434
2 0.035844 0.648309 0.071406 0.065656
3 0.776917 0.709824 0.040849 0.053261
0 0.949165 0.670052 0.026210 0.071280
0 0.958126 0.669180 0.024443 0.068982
