0 0.932856 0.761420 0.132715 0.253988
0 0.635798 0.735513 0.130871 0.252059
0 0.359152 0.762940 0.123449 0.263856
3 0.928139 0.846752 0.143327 0.239059
3 0.360445 0.806685 0.128374 0.197526
24 0.959599 0.753121 0.080221 0.114039
0 0.143981 0.684572 0.016645 0.047517
3 0.642903 0.846046 0.136876 0.206088
0 0.774082 0.675601 0.030427 0.049984
2 0.434102 0.678025 0.036529 0.031371
9 0.504295 0.568557 0.036981 0.014782
9 0.496003 0.569587 0.019597 0.013839
3 0.642740 0.858296 0.109784 0.179301
3 0.359956 0.834817 0.122809 0.140971
2 0.503640 0.674109 0.038973 0.037814
