2 0.183692 0.735642 0.190977 0.060522
2 0.678452 0.703678 0.167271 0.077189
2 0.488877 0.718857 0.193597 0.069862
2 0.026254 0.745454 0.052275 0.045361
2 0.265252 0.720631 0.074005 0.050825
2 0.843089 0.697319 0.261633 0.086539
2 0.359237 0.717846 0.078920 0.036945
2 0.346143 0.719339 0.054028 0.034071
2 0.920959 0.696008 0.098798 0.076378
2 0.377997 0.717824 0.052274 0.036856
9 0.796619 0.621358 0.016973 0.028466
2 0.975851 0.675587 0.047950 0.038697
9 0.670294 0.632605 0.014325 0.033183
9 0.507876 0.533827 0.015988 0.014995
