0 0.700862 0.694949 0.032390 0.085886
2 0.155842 0.701846 0.092742 0.056809
0 0.814929 0.696399 0.025733 0.086855
9 0.444556 0.477981 0.056033 0.018388
0 0.561073 0.690020 0.021387 0.069039
0 0.834552 0.690626 0.024670 0.074535
0 0.789160 0.695519 0.027798 0.076273
0 0.641900 0.699413 0.035943 0.060732
0 0.745918 0.693723 0.030412 0.083837
2 0.675407 0.679868 0.038009 0.040163
0 0.782847 0.695909 0.034741 0.078481
9 0.294977 0.102038 0.166398 0.064641
0 0.599830 0.693398 0.036303 0.071105
0 0.708859 0.695742 0.051486 0.083918
2 0.065185 0.674962 0.075473 0.016675
