0 0.495070 0.780974 0.177412 0.340274
0 0.737284 0.786425 0.165814 0.363677
0 0.168907 0.803195 0.279771 0.393611
0 0.925022 0.782454 0.149282 0.301364
3 0.158238 0.905922 0.198677 0.187264
0 0.031834 0.756422 0.063667 0.220538
3 0.621322 0.834875 0.088416 0.161106
0 0.616630 0.738762 0.104029 0.250400
0 0.350493 0.758924 0.124560 0.247722
3 0.925693 0.825797 0.147028 0.235868
3 0.347906 0.808652 0.125280 0.217744
3 0.775197 0.888526 0.146526 0.221751
3 0.500771 0.859898 0.164168 0.225640
0 0.079994 0.794114 0.130671 0.347684
0 0.115293 0.692748 0.073411 0.156237
3 0.499924 0.884214 0.111722 0.186168
0 0.976404 0.936084 0.046602 0.126595
