7 0.446039 0.662426 0.081820 0.110358
7 0.158113 0.733665 0.315542 0.307320
0 0.957011 0.733586 0.084996 0.194457
0 0.828287 0.719552 0.103922 0.198161
3 0.843684 0.792650 0.126494 0.209605
7 0.532893 0.652101 0.080888 0.114980
2 0.362020 0.680693 0.055444 0.051005
2 0.335806 0.699586 0.069845 0.064920
3 0.609540 0.716393 0.032209 0.047452
0 0.700809 0.702922 0.073317 0.096728
0 0.609695 0.695303 0.038773 0.072716
3 0.965567 0.793902 0.067922 0.121846
3 0.657495 0.712277 0.024106 0.044976
3 0.702322 0.741566 0.049163 0.072683
5 0.318159 0.647388 0.082058 0.041778
