0 0.735648 0.786722 0.167023 0.360582
0 0.141166 0.752116 0.122712 0.268293
0 0.494162 0.783591 0.177403 0.339966
0 0.923566 0.785967 0.150327 0.300600
3 0.776077 0.892141 0.146173 0.213802
3 0.027164 0.710894 0.054086 0.070186
0 0.614561 0.740301 0.106800 0.255044
3 0.351624 0.803544 0.128923 0.226390
0 0.351884 0.764903 0.127789 0.246159
3 0.126348 0.816388 0.151907 0.190284
2 0.846866 0.678443 0.133501 0.064457
3 0.500641 0.855999 0.168808 0.237475
3 0.620782 0.831925 0.086941 0.160264
0 0.877635 0.774729 0.060984 0.173978
9 0.485238 0.075988 0.196966 0.064446
3 0.925191 0.830106 0.148113 0.228964
0 0.876130 0.729041 0.058449 0.081364
0 0.974651 0.934232 0.049996 0.130431
