0 0.170660 0.801319 0.270013 0.396575
0 0.493281 0.784273 0.173700 0.329020
0 0.735597 0.784674 0.162389 0.366185
0 0.923218 0.785513 0.151298 0.305378
0 0.351192 0.757195 0.122362 0.246203
0 0.029350 0.747425 0.058701 0.237660
3 0.622852 0.833447 0.089441 0.160908
0 0.618640 0.753268 0.097691 0.278699
3 0.758332 0.877289 0.183323 0.244107
3 0.158429 0.892263 0.239596 0.215157
0 0.542646 0.690098 0.076750 0.152417
3 0.498903 0.885038 0.109152 0.184369
3 0.498385 0.859790 0.158450 0.224816
0 0.107581 0.698507 0.081563 0.168863
3 0.350061 0.808950 0.124523 0.214549
7 0.078624 0.639256 0.156103 0.127173
0 0.075965 0.804753 0.123546 0.355026
0 0.543363 0.731390 0.078143 0.235261
0 0.111777 0.677864 0.075476 0.123987
9 0.484596 0.076247 0.198763 0.064387
3 0.348913 0.843511 0.120194 0.152616
9 0.498336 0.570010 0.024410 0.015916
3 0.151401 0.905963 0.192163 0.187127
0 0.869601 0.779231 0.072954 0.174982
