2 0.199818 0.706900 0.146272 0.097039
2 0.815753 0.704577 0.179809 0.136391
2 0.409342 0.679572 0.041518 0.032092
2 0.930903 0.745773 0.137408 0.222816
2 0.984411 0.796421 0.030757 0.215554
0 0.408338 0.749787 0.012083 0.025599
7 0.545237 0.676319 0.046326 0.045380
2 0.870847 0.715699 0.072753 0.136088
3 0.011535 0.716370 0.023007 0.072216
2 0.709763 0.687359 0.034184 0.037904
0 0.079700 0.690901 0.013276 0.036037
5 0.545419 0.676223 0.044953 0.044374
0 0.872163 0.713188 0.072048 0.138755
2 0.715181 0.685830 0.044576 0.043230
0 0.658734 0.673799 0.012047 0.028543
