2 0.576682 0.704064 0.123185 0.091620
2 0.179203 0.756314 0.262335 0.230118
2 0.055423 0.808342 0.110373 0.383315
0 0.749055 0.710017 0.074258 0.128379
2 0.365588 0.684440 0.038326 0.054790
3 0.677142 0.721081 0.060393 0.064025
2 0.300858 0.709155 0.085100 0.115033
0 0.439893 0.687716 0.033079 0.073023
2 0.518725 0.677739 0.036271 0.040983
2 0.337792 0.698828 0.042899 0.087018
3 0.754455 0.744484 0.077753 0.078551
3 0.438779 0.707800 0.030875 0.043285
0 0.678790 0.698959 0.052141 0.087813
2 0.488679 0.670117 0.031206 0.019960
