0 0.494766 0.784964 0.176439 0.327469
0 0.736809 0.784304 0.165762 0.363117
0 0.165839 0.803620 0.270769 0.392304
0 0.924030 0.785307 0.149365 0.305508
0 0.349560 0.758768 0.122399 0.247232
0 0.029463 0.753119 0.058926 0.223257
0 0.616382 0.727507 0.099354 0.225495
3 0.621656 0.833050 0.091003 0.161878
3 0.755902 0.872377 0.183274 0.252556
3 0.501498 0.857344 0.160414 0.223246
3 0.147248 0.899772 0.225797 0.199713
0 0.537579 0.685498 0.076554 0.147279
3 0.348302 0.808117 0.120803 0.218309
3 0.499465 0.884085 0.107738 0.181542
3 0.925681 0.828840 0.146946 0.225780
9 0.484697 0.076211 0.198858 0.065077
0 0.114880 0.681211 0.078246 0.140274
3 0.769472 0.886428 0.136195 0.225180
3 0.406394 0.719071 0.034203 0.076081
9 0.496264 0.570044 0.019891 0.015634
2 0.067043 0.691767 0.110231 0.079969
3 0.956163 0.852417 0.087392 0.276651
