2 0.238899 0.748019 0.345744 0.179047
3 0.918498 0.777378 0.161835 0.154175
3 0.729066 0.757088 0.138767 0.118437
0 0.441022 0.708418 0.071807 0.121232
3 0.540279 0.725357 0.071338 0.062254
0 0.931829 0.724745 0.074885 0.167951
0 0.724006 0.712894 0.053946 0.137306
0 0.536446 0.701432 0.050312 0.090997
2 0.682747 0.686186 0.053044 0.071606
3 0.433066 0.763803 0.082897 0.106985
0 0.650917 0.709008 0.039767 0.080029
0 0.837161 0.698892 0.051314 0.099467
3 0.654408 0.720983 0.038457 0.057668
3 0.613978 0.713016 0.025410 0.042659
0 0.722520 0.683484 0.054210 0.079285
