0 0.494659 0.779722 0.175257 0.338921
0 0.202312 0.800547 0.235376 0.398907
0 0.735531 0.785331 0.163896 0.358868
0 0.925994 0.785259 0.144573 0.304558
0 0.614530 0.740712 0.101252 0.252211
2 0.021521 0.696135 0.043041 0.074506
3 0.620942 0.834385 0.087698 0.160417
3 0.772277 0.878420 0.155188 0.240790
0 0.354153 0.756195 0.119952 0.243407
0 0.117178 0.694702 0.075832 0.149674
3 0.927528 0.824325 0.143399 0.238345
3 0.345892 0.805685 0.129712 0.218682
9 0.484565 0.076628 0.199700 0.064612
3 0.498105 0.884259 0.114604 0.186074
3 0.496743 0.859013 0.161682 0.229188
3 0.156432 0.902263 0.206627 0.194683
0 0.408919 0.679367 0.039088 0.055413
2 0.018632 0.703796 0.037177 0.059140
0 0.085436 0.796856 0.138412 0.326908
2 0.697937 0.706510 0.086004 0.090873
3 0.145189 0.872794 0.226469 0.253659
0 0.976103 0.933670 0.047216 0.131446
