2 0.653930 0.758106 0.244262 0.192125
2 0.149480 0.780157 0.298689 0.242494
2 0.379646 0.699258 0.098649 0.077420
2 0.516770 0.705449 0.129718 0.119346
3 0.895057 0.796725 0.088706 0.106901
0 0.891054 0.730724 0.084622 0.181942
2 0.441750 0.680319 0.055522 0.048348
3 0.985054 0.841778 0.029409 0.165765
0 0.786092 0.690249 0.026523 0.079056
5 0.164063 0.609966 0.327014 0.230638
0 0.727917 0.668368 0.023907 0.043667
0 0.767916 0.687532 0.019006 0.068339
3 0.949667 0.721882 0.066011 0.082524
3 0.984459 0.809536 0.030583 0.231252
