2 0.775292 0.685270 0.106712 0.073960
0 0.546221 0.694991 0.026615 0.084092
2 0.674607 0.680773 0.039340 0.036342
2 0.634935 0.675904 0.038808 0.026937
0 0.351017 0.699864 0.050415 0.089939
0 0.240410 0.694606 0.027827 0.066647
0 0.588860 0.693247 0.024134 0.071764
0 0.405976 0.697184 0.032404 0.071499
9 0.285577 0.101620 0.185375 0.064583
0 0.292052 0.700631 0.024785 0.065120
9 0.443083 0.477852 0.058132 0.019030
0 0.452956 0.700625 0.041831 0.070283
0 0.311289 0.695863 0.021873 0.078385
0 0.706352 0.693188 0.029879 0.071993
