7 0.424163 0.685780 0.128220 0.120335
2 0.628767 0.684036 0.071456 0.058200
0 0.922950 0.687676 0.031600 0.073043
0 0.822532 0.689586 0.030861 0.075308
2 0.538292 0.670417 0.033451 0.026932
2 0.506329 0.684967 0.041700 0.049070
0 0.978154 0.670613 0.038716 0.113839
1 0.882471 0.706751 0.063268 0.050963
0 0.882526 0.689553 0.027991 0.076797
0 0.880620 0.688426 0.041176 0.080892
0 0.990653 0.670315 0.017947 0.112882
0 0.814080 0.691427 0.048124 0.077587
0 0.888111 0.687303 0.046624 0.080815
0 0.971550 0.676305 0.026589 0.099416
