0 0.730694 0.771928 0.142681 0.285427
0 0.506195 0.761719 0.114789 0.242968
0 0.012457 0.693229 0.024914 0.114885
3 0.396555 0.783671 0.071470 0.118692
0 0.402378 0.717244 0.077468 0.142094
0 0.815562 0.748177 0.072485 0.187639
3 0.748027 0.848337 0.186262 0.220341
0 0.142074 0.705480 0.030340 0.081842
3 0.641995 0.759534 0.067471 0.083999
3 0.500627 0.801669 0.127391 0.181139
0 0.159975 0.704972 0.021957 0.080435
0 0.635057 0.715636 0.080366 0.140307
3 0.759601 0.869094 0.156412 0.179743
3 0.876897 0.738565 0.062761 0.071450
3 0.881325 0.727816 0.072086 0.095004
