0 0.493462 0.781914 0.177210 0.336806
0 0.738438 0.786575 0.168896 0.364445
0 0.167771 0.804675 0.275506 0.389084
0 0.924669 0.780767 0.148181 0.298258
0 0.616650 0.738538 0.101279 0.246351
3 0.620988 0.833457 0.086914 0.160685
3 0.348462 0.806623 0.131011 0.219605
0 0.031445 0.753062 0.062891 0.224142
3 0.156863 0.907422 0.199156 0.184217
3 0.925103 0.823706 0.148060 0.233863
0 0.349384 0.759090 0.129082 0.246774
3 0.775210 0.888640 0.143642 0.221498
3 0.497458 0.856774 0.166079 0.226734
0 0.115211 0.692873 0.081928 0.158734
9 0.484477 0.076802 0.199677 0.064840
0 0.416901 0.689687 0.040447 0.103172
0 0.071145 0.689207 0.039054 0.077206
3 0.499766 0.884638 0.104572 0.182773
