3 0.265176 0.851071 0.174274 0.294114
2 0.409544 0.676788 0.044288 0.041996
0 0.279319 0.755006 0.172317 0.270487
2 0.114490 0.680624 0.061954 0.037188
0 0.821425 0.676946 0.020600 0.048151
2 0.499506 0.672300 0.064076 0.078008
3 0.916305 0.793105 0.130669 0.183012
3 0.909179 0.768749 0.149246 0.232935
2 0.017919 0.687810 0.035599 0.030497
2 0.364876 0.681674 0.070962 0.058998
0 0.607545 0.679771 0.036766 0.070337
3 0.593667 0.699788 0.057514 0.050468
2 0.367546 0.700974 0.052380 0.025395
7 0.499763 0.671873 0.064705 0.076434
0 0.898248 0.646445 0.044909 0.047019
0 0.579249 0.682037 0.031226 0.072760
