2 0.090385 0.737224 0.170568 0.128561
2 0.765198 0.707447 0.142591 0.105676
2 0.018845 0.750857 0.037422 0.156581
7 0.197461 0.684960 0.163636 0.143572
2 0.952185 0.804660 0.095191 0.206048
2 0.298354 0.702574 0.043875 0.063052
2 0.525098 0.675872 0.043890 0.034929
2 0.323746 0.696032 0.041494 0.054553
2 0.405428 0.682842 0.052766 0.040727
2 0.692105 0.694581 0.058598 0.082075
2 0.675715 0.690065 0.080728 0.071289
1 0.967114 0.722292 0.061362 0.052231
2 0.606250 0.683185 0.026664 0.024802
2 0.590951 0.682352 0.042724 0.025468
2 0.194998 0.694425 0.160632 0.130042
2 0.439530 0.677215 0.027787 0.027227
