2 0.047293 0.696789 0.094466 0.092254
2 0.690000 0.702194 0.098066 0.075045
2 0.104245 0.692753 0.133310 0.063154
7 0.524385 0.694089 0.098058 0.117423
0 0.794458 0.708950 0.028194 0.083097
2 0.219496 0.682267 0.134493 0.049566
0 0.295415 0.714743 0.030045 0.053759
0 0.762243 0.700669 0.030078 0.093094
0 0.770301 0.701814 0.024051 0.085483
2 0.620507 0.693031 0.040396 0.051258
2 0.589142 0.677033 0.029305 0.028256
0 0.755078 0.701863 0.025941 0.089893
2 0.304000 0.681423 0.048771 0.032131
2 0.614784 0.690148 0.037672 0.046474
2 0.590353 0.686324 0.028483 0.044636
