5 0.920007 0.672584 0.159035 0.156018
2 0.483166 0.710439 0.103717 0.082094
2 0.260453 0.722349 0.185645 0.189110
2 0.065662 0.723877 0.130780 0.117925
2 0.162390 0.694326 0.044806 0.069435
2 0.123687 0.670117 0.070952 0.038558
2 0.360064 0.669427 0.041707 0.059566
2 0.595842 0.652598 0.017377 0.022782
2 0.100333 0.649250 0.052321 0.034684
2 0.442103 0.670434 0.072184 0.078280
2 0.299803 0.619668 0.053362 0.031746
2 0.187623 0.644576 0.046750 0.030555
2 0.386464 0.637024 0.033568 0.029199
2 0.444946 0.650062 0.062240 0.038127
