2 0.327903 0.730948 0.142784 0.105026
2 0.644418 0.711551 0.073674 0.048914
2 0.496214 0.704888 0.070512 0.055000
2 0.188190 0.700429 0.037391 0.042948
0 0.952485 0.702597 0.031806 0.066546
2 0.225317 0.693737 0.047471 0.038754
2 0.027589 0.699818 0.055177 0.078858
2 0.140890 0.706439 0.067792 0.056634
2 0.585223 0.706470 0.042411 0.022552
9 0.351972 0.454391 0.079622 0.024147
2 0.258665 0.688738 0.051469 0.039027
0 0.924878 0.698831 0.021328 0.060050
2 0.086077 0.718721 0.041973 0.042833
3 0.763733 0.737598 0.034751 0.045318
0 0.902842 0.696995 0.021004 0.052275
2 0.128255 0.707170 0.067613 0.057105
0 0.877440 0.701625 0.018599 0.052954
