0 0.141580 0.752259 0.121840 0.268815
0 0.494573 0.782844 0.176683 0.334194
0 0.735038 0.786188 0.165523 0.358289
0 0.923815 0.785837 0.150307 0.302190
0 0.351559 0.763051 0.128065 0.254802
3 0.775273 0.892186 0.148719 0.214265
3 0.621839 0.833379 0.089999 0.162748
0 0.614498 0.737767 0.105307 0.248625
2 0.022342 0.692651 0.044684 0.078687
3 0.251561 0.728675 0.089746 0.078756
9 0.485460 0.076211 0.197587 0.064471
3 0.124099 0.827723 0.146892 0.167903
0 0.264896 0.699487 0.043585 0.099945
3 0.501275 0.851998 0.163672 0.237215
3 0.349482 0.808478 0.126485 0.216503
0 0.832308 0.715391 0.063771 0.164128
9 0.497990 0.570078 0.022063 0.016267
9 0.504295 0.569243 0.035166 0.016888
3 0.338835 0.844951 0.104910 0.147421
0 0.467060 0.686178 0.078239 0.141237
0 0.974621 0.934953 0.050101 0.128829
