0 0.494751 0.780606 0.176230 0.335800
0 0.168998 0.802253 0.286954 0.395493
0 0.737188 0.786765 0.163541 0.364030
0 0.925545 0.783209 0.148249 0.302614
3 0.158198 0.905479 0.198429 0.188209
0 0.350975 0.761338 0.125254 0.253288
0 0.614969 0.742336 0.110885 0.255020
9 0.484466 0.075983 0.197988 0.064516
3 0.771765 0.879359 0.158819 0.238931
3 0.620972 0.834793 0.087786 0.161592
0 0.031513 0.754593 0.063025 0.223696
3 0.925875 0.826793 0.146444 0.233947
3 0.349045 0.811483 0.125112 0.211353
0 0.081894 0.796132 0.135674 0.350353
3 0.496363 0.883923 0.112701 0.186149
3 0.499926 0.859152 0.160604 0.224283
0 0.111950 0.699662 0.074146 0.163660
0 0.823713 0.707011 0.060308 0.117309
0 0.976151 0.933993 0.047138 0.130668
0 0.817638 0.681669 0.047706 0.064704
