2 0.684581 0.680631 0.059957 0.036860
0 0.786691 0.695556 0.050449 0.096164
0 0.957704 0.700862 0.058124 0.140097
0 0.336807 0.698819 0.030377 0.074670
2 0.634106 0.676160 0.039678 0.027819
0 0.850875 0.678363 0.018573 0.052170
2 0.776795 0.685934 0.108242 0.068748
0 0.365827 0.714531 0.020082 0.040640
9 0.441438 0.477975 0.061502 0.018496
2 0.761033 0.686205 0.077712 0.070499
9 0.301719 0.100222 0.152404 0.064558
2 0.713677 0.674078 0.036156 0.035049
2 0.804716 0.663450 0.042095 0.028978
2 0.790305 0.683871 0.073973 0.068070
