5 0.189425 0.664774 0.118807 0.122995
0 0.742590 0.744510 0.103447 0.195699
5 0.280709 0.673192 0.069366 0.074576
2 0.327852 0.693869 0.068651 0.053935
0 0.908734 0.716750 0.034124 0.110133
3 0.644039 0.782276 0.052268 0.086420
3 0.755441 0.801330 0.085115 0.124731
2 0.404647 0.698900 0.057264 0.048970
0 0.452934 0.714376 0.046803 0.086643
0 0.561265 0.715591 0.066414 0.094627
2 0.112168 0.778109 0.224016 0.390986
0 0.493175 0.706570 0.030838 0.066396
3 0.558605 0.758234 0.044201 0.063775
3 0.450809 0.747503 0.038453 0.058330
0 0.646242 0.724794 0.062542 0.120353
0 0.933461 0.710592 0.021642 0.084402
0 0.429621 0.704637 0.023422 0.064196
5 0.112333 0.777064 0.224127 0.391568
0 0.672956 0.693672 0.033386 0.047001
0 0.937297 0.709825 0.023717 0.087831
3 0.493534 0.717721 0.028989 0.050553
