2 0.425974 0.798612 0.337249 0.280573
2 0.206580 0.704954 0.163447 0.109191
2 0.319545 0.634009 0.049199 0.033178
2 0.041529 0.654681 0.082913 0.084659
2 0.747096 0.638532 0.037261 0.030572
2 0.689369 0.631198 0.031903 0.027638
2 0.424637 0.632481 0.106269 0.062378
2 0.925816 0.713528 0.025425 0.046485
2 0.368444 0.622470 0.027720 0.023396
2 0.139819 0.636061 0.063719 0.063909
2 0.259065 0.644565 0.068043 0.052910
2 0.085840 0.622295 0.051803 0.023815
2 0.714213 0.633627 0.025669 0.021904
7 0.644554 0.617513 0.048630 0.046208
