0 0.734816 0.784392 0.169585 0.357315
0 0.141150 0.750852 0.124434 0.270243
0 0.494184 0.781016 0.176805 0.335824
2 0.845464 0.680602 0.130084 0.061808
0 0.925467 0.782491 0.146687 0.296327
3 0.775329 0.890405 0.146321 0.216421
0 0.356288 0.759915 0.129888 0.251598
3 0.126845 0.811640 0.151938 0.198123
3 0.276474 0.732644 0.044092 0.071133
0 0.614338 0.754733 0.104825 0.284730
3 0.500840 0.853395 0.170100 0.237164
3 0.350552 0.808115 0.121454 0.213657
0 0.030134 0.687367 0.016465 0.049766
3 0.619357 0.828531 0.089019 0.161887
0 0.034535 0.686953 0.019813 0.049647
3 0.927071 0.841037 0.144379 0.225428
3 0.342919 0.838050 0.102744 0.155134
3 0.503096 0.881170 0.125893 0.186527
0 0.874913 0.771564 0.057365 0.172360
3 0.109655 0.828747 0.116246 0.160370
0 0.974306 0.935889 0.050712 0.127069
