0 0.732708 0.785123 0.168498 0.361414
0 0.925493 0.789337 0.146481 0.306858
0 0.494022 0.779162 0.172412 0.326447
0 0.355714 0.760339 0.120969 0.254606
3 0.621126 0.830866 0.088080 0.158958
3 0.775832 0.891648 0.148938 0.214673
0 0.828131 0.695325 0.041911 0.123851
0 0.614550 0.738706 0.106321 0.252325
3 0.938039 0.864187 0.123557 0.207631
3 0.354434 0.807996 0.118923 0.202673
24 0.962084 0.759939 0.075833 0.101395
3 0.502915 0.859315 0.161345 0.225959
0 0.463830 0.682799 0.088826 0.144353
3 0.753850 0.879800 0.190867 0.235383
3 0.347857 0.832184 0.103815 0.152066
