2 0.596967 0.780048 0.276526 0.224165
0 0.814311 0.729041 0.072948 0.145233
9 0.670347 0.356914 0.085075 0.040394
2 0.720321 0.695438 0.077253 0.050429
3 0.822719 0.774599 0.080778 0.104730
9 0.655920 0.356677 0.055722 0.040042
0 0.766679 0.730103 0.041342 0.107770
0 0.766601 0.715776 0.041250 0.074627
3 0.767652 0.754836 0.037602 0.069072
3 0.806783 0.766464 0.110822 0.119104
2 0.025681 0.688749 0.051362 0.034852
3 0.329269 0.715637 0.030766 0.042229
2 0.490195 0.678646 0.026560 0.021547
7 0.168662 0.688002 0.100775 0.054197
3 0.766633 0.732011 0.042402 0.111658
9 0.644766 0.357335 0.034302 0.040687
2 0.468504 0.722262 0.043021 0.070059
