2 0.788980 0.752239 0.169867 0.194128
2 0.369980 0.709877 0.072174 0.074458
2 0.323942 0.725303 0.082422 0.105151
7 0.932936 0.748748 0.133437 0.424996
2 0.157049 0.729788 0.312488 0.219237
2 0.513534 0.738501 0.185583 0.164907
2 0.011562 0.837119 0.023084 0.177343
2 0.637901 0.697158 0.064303 0.070841
2 0.648340 0.718289 0.037709 0.067465
2 0.407531 0.702029 0.042898 0.055656
2 0.734621 0.708359 0.159635 0.145400
7 0.737569 0.708708 0.162493 0.144965
2 0.409779 0.708472 0.038211 0.045081
2 0.646069 0.707888 0.049568 0.071654
2 0.372966 0.715850 0.054289 0.063284
2 0.407048 0.692571 0.041664 0.041176
