7 0.321743 0.673446 0.185102 0.191836
2 0.891091 0.708453 0.216613 0.197343
2 0.650212 0.678369 0.057861 0.056564
7 0.553199 0.677297 0.080756 0.094771
2 0.759061 0.707717 0.075774 0.096423
2 0.623415 0.673205 0.066871 0.047643
2 0.668462 0.688608 0.042165 0.062720
0 0.703182 0.711843 0.051320 0.113496
2 0.613400 0.673175 0.044686 0.043922
1 0.708005 0.743600 0.042103 0.086107
2 0.656601 0.684378 0.066108 0.065543
2 0.503559 0.664320 0.024497 0.019785
2 0.642444 0.675733 0.044839 0.053916
2 0.610251 0.677016 0.037748 0.036314
2 0.740057 0.707372 0.113301 0.096335
