2 0.910451 0.736669 0.178407 0.158053
2 0.793639 0.729198 0.113807 0.088228
2 0.168059 0.724853 0.137228 0.091577
2 0.700054 0.719665 0.059438 0.053798
2 0.320369 0.721343 0.125726 0.115883
2 0.646364 0.712130 0.039320 0.036684
2 0.220071 0.706956 0.080832 0.091299
2 0.731111 0.725371 0.048425 0.065150
2 0.653425 0.712487 0.050332 0.039957
7 0.107278 0.676400 0.177461 0.086632
3 0.017962 0.753274 0.035839 0.060103
2 0.639610 0.711852 0.028954 0.035051
2 0.666667 0.713607 0.041453 0.043333
3 0.032440 0.747915 0.063023 0.065238
