2 0.174985 0.741720 0.223348 0.163083
2 0.051343 0.708248 0.102685 0.100758
3 0.950079 0.785486 0.098013 0.165243
0 0.316301 0.687314 0.026146 0.082538
3 0.983664 0.812155 0.031958 0.129582
3 0.875878 0.744157 0.107144 0.182689
2 0.008842 0.735213 0.017525 0.095450
3 0.815393 0.750200 0.092838 0.156048
3 0.929374 0.763576 0.136642 0.185328
3 0.909040 0.767169 0.107594 0.159871
7 0.545150 0.753181 0.458713 0.422019
3 0.891583 0.757429 0.121592 0.170438
3 0.829031 0.740620 0.109773 0.177506
3 0.947600 0.756555 0.103698 0.214640
