0 0.932695 0.741605 0.108918 0.201733
2 0.836530 0.707416 0.117542 0.087883
2 0.504345 0.687246 0.056987 0.048508
2 0.884032 0.723834 0.083634 0.103750
2 0.922529 0.725194 0.150173 0.119005
3 0.714583 0.721128 0.040257 0.047880
3 0.943117 0.826830 0.113063 0.151981
2 0.561610 0.683069 0.032295 0.036429
0 0.711335 0.691577 0.041764 0.053599
3 0.597215 0.724247 0.035381 0.038562
2 0.765601 0.695175 0.061663 0.052952
2 0.228593 0.688387 0.045433 0.030827
0 0.714501 0.705126 0.045494 0.079473
2 0.017647 0.706319 0.035143 0.027390
0 0.593151 0.689817 0.045329 0.050041
2 0.541842 0.678636 0.022044 0.034801
