2 0.102316 0.728239 0.148590 0.107162
2 0.027889 0.743413 0.055684 0.123389
2 0.204784 0.706257 0.100133 0.079076
2 0.510692 0.681235 0.068595 0.059713
3 0.951902 0.833395 0.095433 0.125401
2 0.285806 0.695469 0.078413 0.053523
2 0.329812 0.687666 0.042338 0.047888
2 0.349522 0.671480 0.049103 0.034394
3 0.927669 0.798742 0.124470 0.116206
2 0.356866 0.673139 0.039390 0.034015
2 0.613329 0.682249 0.072309 0.046973
3 0.869639 0.785807 0.077662 0.102394
3 0.817427 0.773929 0.078754 0.091949
3 0.807588 0.759923 0.101096 0.091194
3 0.836891 0.775105 0.099006 0.100137
3 0.935826 0.794102 0.127605 0.156380
3 0.911272 0.801136 0.093256 0.108364
