2 0.598557 0.786336 0.301456 0.243901
2 0.780480 0.692742 0.147123 0.057681
0 0.115482 0.733331 0.070076 0.146398
9 0.667516 0.364696 0.082717 0.038206
0 0.345125 0.720055 0.040123 0.078759
2 0.493785 0.695883 0.139842 0.082264
3 0.225979 0.712876 0.063957 0.051050
3 0.345544 0.726319 0.041593 0.076709
0 0.052707 0.700994 0.023897 0.048573
3 0.179070 0.745408 0.063133 0.060201
9 0.645824 0.365740 0.039808 0.035088
1 0.347888 0.738755 0.038348 0.053475
2 0.473556 0.696868 0.098545 0.081605
3 0.985566 0.866432 0.027958 0.125504
