2 0.344917 0.724848 0.104049 0.081963
2 0.503509 0.751260 0.186040 0.166960
5 0.293013 0.641351 0.156072 0.121533
2 0.404451 0.709442 0.053121 0.049306
2 0.151966 0.740689 0.303932 0.219922
2 0.609657 0.694815 0.043740 0.049539
7 0.800513 0.759392 0.222141 0.192833
7 0.709585 0.717155 0.147403 0.138009
7 0.951414 0.776774 0.095755 0.442690
2 0.799899 0.757887 0.221344 0.185934
2 0.710002 0.717463 0.142599 0.136530
2 0.229961 0.767239 0.149661 0.141711
5 0.266359 0.641367 0.101888 0.120028
2 0.628358 0.725259 0.037180 0.065645
