0 0.141409 0.752406 0.122962 0.268875
0 0.733907 0.786250 0.166640 0.358605
0 0.494389 0.784766 0.173678 0.333524
0 0.922321 0.784590 0.153558 0.301237
2 0.038768 0.694004 0.077359 0.099088
0 0.310050 0.668991 0.040666 0.069898
0 0.349418 0.761395 0.134922 0.249908
3 0.621602 0.833702 0.088589 0.160497
0 0.613692 0.740058 0.105205 0.254650
3 0.775001 0.880483 0.149484 0.236207
3 0.126873 0.815506 0.151205 0.190963
3 0.503265 0.858619 0.159571 0.229267
3 0.345066 0.812743 0.126737 0.210455
0 0.473614 0.679006 0.075023 0.138639
3 0.109087 0.830171 0.114478 0.158066
3 0.925406 0.829736 0.147686 0.229221
3 0.338400 0.839731 0.104870 0.157464
0 0.975132 0.931811 0.049205 0.135884
3 0.197715 0.693468 0.049897 0.044220
0 0.880251 0.669803 0.040183 0.060401
0 0.878395 0.679157 0.042821 0.080739
