2 0.264898 0.746296 0.287307 0.221024
2 0.416578 0.713977 0.097034 0.103460
2 0.473757 0.692859 0.069755 0.066621
2 0.551778 0.689733 0.057113 0.051400
2 0.974043 0.710369 0.051914 0.042160
2 0.507358 0.681847 0.030421 0.028622
0 0.829880 0.700129 0.039100 0.076680
2 0.701986 0.703848 0.107955 0.071004
3 0.899854 0.732720 0.054780 0.048191
2 0.785004 0.704555 0.058003 0.044979
0 0.825246 0.697002 0.028848 0.071685
3 0.829876 0.716433 0.035382 0.047065
7 0.700689 0.702947 0.110219 0.075538
0 0.883139 0.698795 0.038440 0.068961
2 0.587327 0.687891 0.028327 0.021598
0 0.878020 0.698543 0.029777 0.062980
