0 0.513687 0.798272 0.178227 0.323615
3 0.859676 0.855061 0.279660 0.288741
0 0.326739 0.765822 0.139753 0.254624
3 0.576716 0.905418 0.170728 0.155585
0 0.012593 0.692215 0.025185 0.114779
3 0.316829 0.835795 0.082164 0.138555
0 0.877781 0.743119 0.223160 0.224496
3 0.169851 0.717157 0.053342 0.055961
0 0.687981 0.765259 0.092477 0.223494
0 0.075964 0.704031 0.025876 0.092519
0 0.055674 0.706387 0.026732 0.090249
0 0.633746 0.687366 0.059655 0.094530
0 0.818511 0.680373 0.082414 0.069150
0 0.768960 0.681147 0.062830 0.067714
0 0.474443 0.678014 0.064789 0.079084
0 0.687541 0.728943 0.092081 0.151457
