2 0.884988 0.713606 0.175878 0.110078
0 0.884628 0.725717 0.068071 0.123738
0 0.596040 0.708692 0.059007 0.089910
3 0.726638 0.745980 0.067871 0.061070
3 0.892365 0.754202 0.082593 0.088268
0 0.700968 0.699013 0.034705 0.061426
2 0.648691 0.692292 0.046184 0.031085
0 0.701213 0.710538 0.035897 0.085536
3 0.727217 0.733289 0.065450 0.086360
2 0.756379 0.693287 0.042946 0.043804
3 0.596181 0.739104 0.059123 0.075906
2 0.553945 0.685854 0.025038 0.016487
9 0.399286 0.397802 0.094186 0.030937
9 0.401321 0.398591 0.074065 0.024720
