2 0.848562 0.713808 0.204437 0.139352
2 0.015396 0.708203 0.030687 0.091539
2 0.546073 0.676466 0.058078 0.043588
2 0.619952 0.671703 0.043656 0.033539
0 0.960410 0.731298 0.078316 0.197000
2 0.739876 0.679810 0.063500 0.055301
2 0.072387 0.689180 0.080763 0.038323
2 0.247473 0.682162 0.065338 0.043843
3 0.952366 0.802994 0.094936 0.136165
5 0.821655 0.606983 0.213738 0.099768
2 0.733178 0.685953 0.050070 0.043206
0 0.118425 0.688742 0.020504 0.039463
5 0.803781 0.625545 0.251715 0.139236
2 0.586494 0.669443 0.026350 0.018209
9 0.429797 0.481112 0.036329 0.039380
