0 0.429982 0.739707 0.086394 0.157476
0 0.722168 0.771764 0.108298 0.258585
2 0.031090 0.865622 0.061783 0.268755
2 0.035686 0.720463 0.050117 0.029473
5 0.346406 0.682776 0.059314 0.067208
0 0.313430 0.722317 0.058703 0.105976
0 0.525878 0.719569 0.080167 0.114253
3 0.730361 0.849911 0.115655 0.198694
3 0.312533 0.756274 0.056255 0.085727
0 0.885077 0.693767 0.024457 0.057513
1 0.798272 0.726897 0.024449 0.045152
3 0.738462 0.869427 0.097208 0.160974
3 0.419772 0.800395 0.062871 0.101912
2 0.048138 0.714518 0.071932 0.039800
3 0.526499 0.772930 0.047403 0.074483
3 0.632016 0.758053 0.052288 0.076067
2 0.264863 0.707963 0.067807 0.063607
5 0.389550 0.685932 0.038722 0.049263
0 0.551650 0.718703 0.037814 0.107668
