2 0.555241 0.769630 0.256222 0.220332
2 0.078390 0.677638 0.084239 0.062356
0 0.894013 0.696245 0.046269 0.135896
2 0.668443 0.696331 0.079359 0.070711
2 0.429852 0.686470 0.065127 0.054437
0 0.790839 0.715764 0.077758 0.137045
0 0.235090 0.677775 0.021895 0.054696
3 0.798011 0.772492 0.086562 0.100915
58 0.971042 0.704195 0.056908 0.130765
0 0.733996 0.704432 0.047168 0.098559
0 0.350948 0.683272 0.022325 0.053352
0 0.853373 0.692065 0.037292 0.105251
3 0.734719 0.737733 0.034458 0.052496
0 0.734877 0.690615 0.044419 0.066302
3 0.733974 0.733309 0.042523 0.060882
