2 0.597819 0.787547 0.304822 0.245238
0 0.121536 0.731970 0.052990 0.141368
2 0.934651 0.703534 0.129635 0.055413
9 0.667149 0.364927 0.082733 0.037945
0 0.781953 0.725503 0.065370 0.124491
0 0.444957 0.716542 0.060558 0.114199
2 0.776907 0.691444 0.129994 0.061768
9 0.656258 0.365264 0.060598 0.036030
2 0.746773 0.691271 0.067902 0.052925
3 0.986699 0.871580 0.025604 0.120262
2 0.032369 0.687057 0.064382 0.036820
3 0.779295 0.765481 0.065604 0.081670
3 0.785275 0.772882 0.048348 0.068939
3 0.434027 0.766500 0.045191 0.084888
1 0.129858 0.768065 0.043971 0.067833
