2 0.775590 0.685271 0.106430 0.074388
0 0.278474 0.702742 0.036786 0.085342
0 0.601299 0.692630 0.021836 0.068571
0 0.685767 0.693526 0.047651 0.076656
0 0.499632 0.689551 0.043793 0.086080
0 0.351778 0.701093 0.020744 0.070595
1 0.381786 0.713962 0.082215 0.048293
2 0.631351 0.678190 0.037813 0.031215
0 0.563239 0.697784 0.050372 0.078748
9 0.300375 0.101051 0.155967 0.063885
0 0.685767 0.706616 0.046115 0.050366
9 0.442952 0.477944 0.058882 0.019019
1 0.499507 0.716403 0.088663 0.051347
0 0.374403 0.696625 0.023861 0.062042
2 0.715631 0.674264 0.030774 0.036715
