0 0.142389 0.751774 0.120689 0.268977
0 0.494576 0.783665 0.176531 0.336024
0 0.733530 0.787769 0.167564 0.359618
0 0.924095 0.784990 0.151211 0.300198
2 0.230300 0.694838 0.161285 0.083787
0 0.351963 0.759010 0.129325 0.250900
9 0.484753 0.076731 0.197396 0.065272
0 0.616623 0.741794 0.103453 0.254954
2 0.019638 0.693910 0.039275 0.076215
2 0.048860 0.694440 0.055971 0.041665
3 0.621574 0.833448 0.087572 0.161791
3 0.776147 0.875850 0.150937 0.247070
3 0.501325 0.849862 0.168640 0.242609
3 0.349197 0.813127 0.121670 0.211226
2 0.017947 0.704064 0.035696 0.058264
3 0.123152 0.826557 0.143635 0.170948
2 0.555089 0.673189 0.047603 0.049771
3 0.411848 0.719696 0.038937 0.075034
3 0.340858 0.846643 0.103935 0.147988
2 0.040683 0.689824 0.074216 0.052393
9 0.500531 0.570221 0.028649 0.016205
2 0.850197 0.673777 0.071881 0.044489
3 0.948852 0.862120 0.101968 0.262279
3 0.409144 0.729603 0.031090 0.055065
0 0.975189 0.934421 0.048748 0.131124
0 0.875076 0.731069 0.051228 0.072650
