0 0.732634 0.786206 0.171820 0.360081
0 0.924971 0.785246 0.147836 0.306150
0 0.494173 0.780452 0.172844 0.330964
0 0.355180 0.757111 0.119082 0.254844
3 0.775752 0.891108 0.148653 0.215003
3 0.356022 0.806335 0.120260 0.206654
3 0.621181 0.831201 0.088394 0.159921
0 0.820579 0.698270 0.048820 0.133141
0 0.613624 0.743887 0.105401 0.266085
3 0.500890 0.858634 0.165312 0.226686
9 0.485794 0.075968 0.197019 0.066404
3 0.752790 0.877936 0.191325 0.238743
3 0.950724 0.858047 0.098214 0.273791
9 0.503841 0.568284 0.036689 0.014690
0 0.464238 0.682428 0.091164 0.142422
