2 0.092767 0.732116 0.185335 0.167860
2 0.800796 0.696254 0.147740 0.121705
1 0.967541 0.754170 0.064097 0.074775
2 0.238441 0.681747 0.071691 0.058474
2 0.706346 0.687193 0.065225 0.061794
2 0.185990 0.682525 0.067434 0.071228
2 0.401656 0.669728 0.040181 0.029602
2 0.228640 0.683422 0.052134 0.055289
2 0.514914 0.664039 0.032652 0.041132
7 0.515083 0.664170 0.032004 0.040819
2 0.693172 0.684275 0.066307 0.056388
2 0.715320 0.694927 0.043027 0.049702
2 0.324115 0.678041 0.033330 0.037963
2 0.642699 0.681393 0.032925 0.040870
2 0.584279 0.669227 0.024255 0.025396
