2 0.427669 0.767393 0.266559 0.216161
7 0.084670 0.605986 0.162225 0.135046
2 0.047047 0.700536 0.093376 0.111614
2 0.175523 0.657659 0.096130 0.058471
2 0.667221 0.640121 0.043580 0.039303
2 0.823978 0.675846 0.035616 0.085120
2 0.281489 0.657009 0.087472 0.084013
2 0.335021 0.637440 0.049014 0.047640
2 0.411704 0.632129 0.100141 0.059132
2 0.718820 0.636707 0.026559 0.038797
2 0.253461 0.632762 0.053565 0.044017
2 0.622716 0.614157 0.048050 0.044685
7 0.622650 0.614458 0.046664 0.044552
2 0.198496 0.628226 0.055234 0.035450
2 0.438341 0.639653 0.148178 0.069527
