0 0.736350 0.784582 0.172601 0.358687
3 0.070241 0.880547 0.139947 0.221202
0 0.494890 0.779959 0.173724 0.337775
0 0.927057 0.783004 0.145365 0.298709
2 0.274821 0.690240 0.115364 0.060346
3 0.777336 0.892001 0.147445 0.213855
0 0.353297 0.755822 0.124530 0.245987
3 0.158137 0.725886 0.118342 0.082753
0 0.615229 0.750997 0.105630 0.278871
3 0.350589 0.801201 0.126293 0.226782
3 0.499439 0.861208 0.165135 0.222795
3 0.620023 0.829647 0.087998 0.160620
0 0.063147 0.720286 0.125833 0.180165
0 0.154836 0.698121 0.036590 0.098504
0 0.062644 0.773110 0.124972 0.296527
9 0.485553 0.074993 0.197921 0.065121
3 0.928021 0.837674 0.142509 0.213843
3 0.503926 0.881236 0.125320 0.184731
