0 0.737086 0.784215 0.170702 0.359516
0 0.924902 0.785895 0.147744 0.302749
0 0.493369 0.780062 0.173680 0.335027
0 0.236494 0.735369 0.058179 0.129428
0 0.146198 0.743745 0.102848 0.171724
0 0.358110 0.759276 0.129570 0.249636
3 0.621187 0.832098 0.088967 0.159040
3 0.777692 0.889797 0.149838 0.217587
0 0.612775 0.739951 0.104450 0.254873
3 0.500330 0.856690 0.163671 0.231033
0 0.830939 0.721815 0.051287 0.138327
3 0.348343 0.804351 0.125346 0.218567
3 0.952510 0.863048 0.094619 0.255512
0 0.081750 0.707230 0.046057 0.115180
2 0.697573 0.686790 0.083229 0.070001
3 0.509906 0.880118 0.139969 0.185533
0 0.019848 0.693949 0.039697 0.105804
9 0.485961 0.074427 0.197899 0.064473
3 0.968969 0.866206 0.061431 0.263540
0 0.974978 0.933097 0.049450 0.133305
3 0.943306 0.852910 0.111938 0.195367
