0 0.608049 0.752565 0.127858 0.278858
0 0.787706 0.766021 0.183692 0.342929
0 0.357915 0.763628 0.125442 0.262696
0 0.934268 0.751616 0.127531 0.242953
3 0.359473 0.807763 0.127306 0.197312
24 0.958356 0.756517 0.083289 0.108964
3 0.628870 0.829546 0.101338 0.156934
3 0.829134 0.877133 0.249826 0.244732
9 0.485909 0.076096 0.195720 0.065313
0 0.143126 0.684828 0.016351 0.044764
3 0.613350 0.814946 0.126427 0.185198
2 0.523559 0.674560 0.032963 0.026090
9 0.504657 0.568305 0.035591 0.014206
2 0.559795 0.686481 0.021917 0.023661
2 0.494676 0.675091 0.026444 0.021894
0 0.126681 0.684733 0.013824 0.046327
