2 0.052511 0.852378 0.104686 0.293709
2 0.111261 0.728447 0.174348 0.122895
2 0.404199 0.684070 0.075754 0.058014
2 0.308531 0.707185 0.132299 0.117772
2 0.523199 0.683878 0.076011 0.056068
0 0.684357 0.715858 0.053133 0.156394
2 0.209004 0.701513 0.069841 0.070508
0 0.737569 0.712606 0.039981 0.165381
0 0.863730 0.704319 0.039542 0.137703
2 0.632480 0.690524 0.076263 0.068207
0 0.932438 0.693738 0.042295 0.137153
9 0.757469 0.383315 0.053988 0.138517
0 0.908220 0.687807 0.034811 0.130654
0 0.969069 0.693057 0.049094 0.129547
2 0.648699 0.689828 0.108102 0.067742
2 0.576248 0.674500 0.042526 0.041897
9 0.756390 0.360957 0.061382 0.188950
0 0.768498 0.727399 0.041560 0.185369
26 0.667473 0.717993 0.042415 0.048240
