0 0.669717 0.769832 0.140346 0.249732
0 0.893113 0.775000 0.149282 0.234159
0 0.051591 0.702895 0.033494 0.074950
3 0.899765 0.852613 0.170562 0.234518
0 0.222827 0.702391 0.021808 0.076951
0 0.201474 0.704683 0.028332 0.081087
3 0.658616 0.883716 0.117324 0.170442
3 0.987147 0.735556 0.025125 0.101459
0 0.845879 0.686401 0.054327 0.082999
3 0.666930 0.862220 0.139916 0.211431
3 0.550781 0.734535 0.055875 0.101411
0 0.019610 0.704543 0.018960 0.073268
3 0.550470 0.745200 0.048904 0.080320
0 0.552214 0.701752 0.061939 0.106252
0 0.515399 0.691145 0.027087 0.064700
