7 0.865809 0.667561 0.267088 0.209316
0 0.586245 0.702796 0.052118 0.081984
2 0.265068 0.693549 0.092138 0.064495
2 0.717887 0.691103 0.061505 0.061716
2 0.293474 0.676071 0.057856 0.058575
9 0.733389 0.152023 0.160681 0.068225
2 0.664388 0.692484 0.036555 0.033938
0 0.836271 0.652532 0.032287 0.037321
2 0.534421 0.675120 0.031676 0.024390
2 0.505374 0.665628 0.025281 0.019789
2 0.377436 0.677822 0.032923 0.026720
0 0.825075 0.655544 0.053581 0.046161
3 0.110963 0.714612 0.093299 0.055479
2 0.635135 0.682992 0.033573 0.031290
