2 0.235181 0.701158 0.095212 0.078187
0 0.108475 0.712882 0.065037 0.113595
2 0.048060 0.701561 0.096121 0.097361
3 0.110247 0.745277 0.061172 0.075619
7 0.533719 0.742775 0.401371 0.368169
2 0.010857 0.732221 0.021663 0.094304
3 0.902945 0.759529 0.090327 0.169835
3 0.845879 0.757533 0.099364 0.137131
3 0.785869 0.745673 0.095254 0.132063
3 0.863753 0.761937 0.088580 0.130843
3 0.961347 0.793550 0.076148 0.147749
3 0.959661 0.763624 0.079732 0.185266
3 0.888046 0.750245 0.105385 0.165754
3 0.973576 0.799052 0.052430 0.156716
0 0.850315 0.666252 0.029897 0.050980
3 0.928223 0.749239 0.140965 0.200921
