2 0.052935 0.681409 0.105706 0.091433
2 0.344714 0.686136 0.124427 0.101624
2 0.941700 0.771720 0.115527 0.196702
2 0.862333 0.728788 0.223967 0.156039
2 0.739855 0.714702 0.090985 0.098737
2 0.700562 0.698996 0.087990 0.079254
7 0.526524 0.688108 0.095008 0.119493
2 0.652067 0.694580 0.046524 0.057886
2 0.420642 0.674946 0.038234 0.033080
5 0.526039 0.687949 0.095112 0.119267
2 0.877011 0.749675 0.153143 0.117746
2 0.472393 0.670549 0.024604 0.031569
2 0.640265 0.681383 0.058641 0.068371
2 0.600127 0.678310 0.025958 0.041868
2 0.113679 0.678418 0.094832 0.069333
