2 0.426091 0.800119 0.337956 0.283623
2 0.037899 0.716065 0.075763 0.120617
2 0.727118 0.660026 0.066708 0.045245
2 0.224897 0.647226 0.074294 0.050091
2 0.151831 0.633256 0.043410 0.034466
2 0.301584 0.655196 0.089010 0.078694
2 0.059209 0.652318 0.116777 0.069185
2 0.189629 0.634060 0.053909 0.041357
2 0.786676 0.647449 0.049662 0.052637
2 0.442878 0.633711 0.143198 0.062559
2 0.198733 0.633067 0.073200 0.043552
2 0.119412 0.619648 0.043765 0.021331
9 0.022082 0.586252 0.012722 0.026450
7 0.641504 0.617820 0.045641 0.046835
2 0.707328 0.632065 0.033079 0.016918
