2 0.597916 0.788019 0.305479 0.246100
2 0.283267 0.688556 0.152298 0.074945
2 0.930933 0.701041 0.138133 0.060089
0 0.817592 0.736233 0.101062 0.170259
9 0.666857 0.364687 0.081892 0.038725
3 0.823897 0.785605 0.102627 0.100041
0 0.123786 0.731804 0.053583 0.138419
0 0.445378 0.712942 0.060956 0.104270
2 0.034580 0.688135 0.068012 0.039326
9 0.652713 0.365030 0.053584 0.036575
0 0.778343 0.729126 0.043396 0.119961
3 0.986772 0.870705 0.025457 0.121538
3 0.987238 0.834658 0.025056 0.191297
0 0.777664 0.705302 0.042182 0.070612
2 0.119555 0.732576 0.176932 0.113707
