2 0.597583 0.787446 0.302928 0.245190
0 0.864417 0.750879 0.130124 0.213684
0 0.241239 0.783516 0.162889 0.303094
3 0.218187 0.907622 0.140572 0.183946
3 0.864801 0.850565 0.087988 0.133014
2 0.766896 0.691677 0.136700 0.055185
9 0.666820 0.364819 0.081983 0.037501
2 0.310797 0.699477 0.094877 0.077378
2 0.436417 0.669458 0.052192 0.053913
0 0.041977 0.708318 0.073481 0.078359
3 0.987594 0.865890 0.024259 0.128259
2 0.253503 0.698926 0.209546 0.080224
7 0.436171 0.669689 0.052807 0.054705
3 0.857286 0.839032 0.109461 0.156496
