2 0.779148 0.685275 0.110953 0.074373
2 0.684572 0.680629 0.058042 0.037543
2 0.582246 0.680169 0.046284 0.034824
0 0.870201 0.694336 0.034682 0.079605
0 0.899944 0.688996 0.031107 0.079901
9 0.443020 0.477493 0.060521 0.017958
2 0.638189 0.676730 0.035560 0.029706
9 0.288866 0.100420 0.181515 0.062626
0 0.954210 0.689809 0.027125 0.076829
2 0.517769 0.677877 0.034263 0.023933
2 0.144562 0.702801 0.067803 0.052102
2 0.156722 0.701261 0.091951 0.056449
2 0.715268 0.674289 0.034920 0.035693
2 0.626169 0.677188 0.030622 0.031816
2 0.181127 0.695354 0.050880 0.046518
