0 0.496027 0.783542 0.179833 0.331093
0 0.736394 0.785782 0.166247 0.364428
0 0.924209 0.785508 0.148891 0.304969
0 0.176928 0.803049 0.247043 0.392741
0 0.353453 0.759344 0.123673 0.245356
3 0.621909 0.832238 0.088524 0.166407
0 0.615881 0.739179 0.103606 0.249067
0 0.028934 0.757965 0.057868 0.217039
3 0.143088 0.889341 0.221128 0.220912
3 0.776169 0.873196 0.152322 0.252492
3 0.502903 0.856344 0.162223 0.229237
0 0.106987 0.701096 0.091236 0.182324
3 0.350128 0.811149 0.125298 0.210847
3 0.497489 0.884492 0.118895 0.184033
3 0.925893 0.828854 0.146490 0.223746
9 0.484113 0.075696 0.199081 0.065687
0 0.977768 0.938873 0.043654 0.122253
3 0.347014 0.842025 0.112257 0.156507
0 0.870670 0.777792 0.067120 0.171631
0 0.467321 0.682672 0.083590 0.141281
3 0.954280 0.851056 0.091148 0.274352
