2 0.066855 0.803352 0.133450 0.281666
2 0.488299 0.725024 0.156419 0.146990
2 0.916831 0.802038 0.165572 0.286265
2 0.772350 0.729443 0.184194 0.123192
2 0.227012 0.690818 0.078981 0.048577
2 0.118234 0.693840 0.091097 0.049356
2 0.657186 0.697456 0.113635 0.088769
2 0.049737 0.688947 0.052399 0.032353
2 0.177130 0.682774 0.044596 0.031458
2 0.374459 0.686044 0.096721 0.096585
7 0.585435 0.665761 0.056901 0.069007
2 0.323665 0.682243 0.029798 0.024656
5 0.584390 0.666726 0.057002 0.068200
9 0.462855 0.484766 0.059968 0.019928
2 0.296421 0.685695 0.028389 0.022381
9 0.414433 0.486933 0.032889 0.034573
